pheno1	pheno2	pheno3	pheno4	pheno5
0.100347143267648	-1.87413719740193	-1.45957240869983	0.54855495249541	-0.933725214840831
1.11420271184603	-0.368281522377122	-0.890168422937041	0.651980313462211	-0.806474822185163
2.07298838369329	-1.04466236952489	0.0138064845457824	1.37926920377015	0.824434688189638
-0.0685949096780938	-0.672812027459162	-1.6649725427223	1.34654166823995	0.64562289211806
-1.14846748663692	-0.613995145199904	-2.49011734316813	0.227283013183381	-0.957715729293107
-1.10425447636218	-3.2886647569174	-4.38992806924965	-0.320461715714597	-1.66814757047755
0.118739459334454	-0.59602409167269	-2.40680003520792	1.33242788073896	-0.241452269567755
-0.120294570402893	-2.30274289855887	-2.2263874706792	-0.276741331548302	-0.131453268820962
0.560845390320599	-1.86963948749067	-0.912279165462867	0.2676485670014	0.302624573651748
-1.32952328730772	-2.05305208161413	-3.68370780046857	1.32403184461493	-0.75699317153141
-0.366184009498628	-2.71887123749583	-3.63711206248668	0.76161429559638	-1.98945019512462
-1.04349263182154	-1.65068896948101	-2.09666074765319	-0.682183395155714	-0.716540138157902
-0.25663351638097	-0.255561201456384	-0.792603119857869	0.880296282985753	-0.0925819597794567
-0.466510180598696	-1.25008463030152	-1.89379469631466	1.26992124303332	-2.22467240776278
0.366254396759876	0.296055646569354	-0.32857834155261	2.01387260571078	1.30103644443037
-0.209990643751574	0.412440103663833	-0.941658795541504	1.97400347576584	-0.198563944010632
-1.79619561657552	-2.40122765474272	-2.71278631954772	-0.809160623336285	-1.26807706960215
0.578957003739797	0.640713633770659	-1.41719832300656	0.856261150128713	0.199152882384974
1.46039131957406	-1.05322384729711	-1.9036637888244	0.287906759681285	0.112563079736115
0.800227770816803	-0.230413507126272	-2.14856201385303	0.534177622931491	-0.501840003373655
-0.766246707541881	-2.18896543578838	-1.96610132353398	0.826663233468528	-1.54707841092659
-1.49806009385202	-1.28271148876777	-3.30695021185039	0.79178312636456	-1.34492931414563
-0.514988822896881	-0.162041119048975	-2.29462304618711	0.200110829143077	-0.390717642545473
0.880683019916687	-1.9996522257151	-1.57742195531717	2.384463817573	0.504632533980429
0.412962387993579	-0.409933416766384	-1.26593901286419	0.336236830358308	-0.526772481071839
1.18959956631468	0.368850248736411	-1.97428330938265	1.58598133823323	-1.29519637109112
0.290843781444137	-0.244745601344251	0.129343807087755	2.21659651113	-0.0169122750590628
-2.36699875983333	-1.47506518851845	-2.49144072219337	-0.151453079587927	-1.14016644685
-0.334408495733172	-1.71713783367416	-2.11610271955602	0.120154943328083	-2.39839580899395
1.33611058669988	0.0720790208602999	-0.972326965287194	1.30581539103438	0.0639046896203986
-1.69906638726316	-2.11704630852899	-2.85010101879562	-0.149867775246888	-2.16989654249522
-1.25348551309816	-1.44808763869317	-3.06546414556659	0.00987826638536715	-0.271835548493627
0.753445929882489	-2.48118219893871	-1.88609314935588	1.99258196141497	-0.426312840620869
-0.338790147165991	-0.211710681147922	-2.814609734529	0.0289415602408056	-0.035421316471082
-0.249258910224095	0.247079537792702	-1.54935806125609	0.288859283853966	-0.254215792608383
-0.59117822206568	-1.91426779671297	-2.90199859985951	-0.321623703332934	-0.89954807851587
0.455391384315317	-0.441142440801489	-1.52347543911321	1.73261484378025	0.394977351313909
2.41836574684944	-0.580082673776382	-1.84849271571527	0.329295697337992	-1.35886905631747
-0.409081572854321	-1.30823115981822	-1.8938193757326	-0.252005814094081	-0.447126759666786
-0.918449998492824	0.0970334892961662	-1.40178195702843	0.742317209279052	-0.509863555740928
0.00897657938682814	0.566261889697375	-2.17134471249495	1.22989673868968	0.107312955001464
-1.64210083833088	-1.11865801397806	-3.1516896336217	0.307385520697562	-1.24033721400652
0.0314214722355975	-1.38190643209813	-1.52109504172667	1.08211140163822	0.466490796456572
0.417327211338193	-1.01781699830026	-2.46754746156822	1.44586682523822	0.150611904494831
0.148314877085839	-0.484353072095089	-2.24291889402084	2.71706076346215	-0.913461241046905
1.3305368635894	-1.2790984071678	-1.42126485925122	0.513674572411089	0.0295233923462479
0.446913088287104	-0.72995433303045	-3.05540361010754	0.754393859235278	-0.534366215589322
0.510170963550066	-1.62720908338048	-1.83023341801087	1.16729714808729	-0.19077562918904
2.56692855784818	0.0475863398514855	-0.468986846845095	2.849662287864	1.38602907851856
-0.55698858478981	-2.20504249612313	-2.78169610205388	0.313550355867736	-1.27678228879642
-0.621589623126977	-0.0760106970880388	-2.30675610256428	1.33865011543493	-1.69752264115535
-1.32187094581506	0.00537734356815522	-3.00384233215588	0.853702989334929	-0.453511646528188
0.000561267888060241	0.18716647936177	-1.36164916227239	0.654544131600958	0.511997123384637
0.717382706851919	-1.18175356504124	-2.0920187921129	1.43985252790271	-0.416099164232317
-0.822026806371059	-2.33099330439361	-3.4511322336866	-0.478013935703676	-2.96873458006003
-0.340762109990727	-1.85946527823848	-3.54225019689459	0.338569785947791	-1.76980170945839
0.540056454952614	-0.62332423106223	-1.43094258925168	1.15763280327566	0.974839558045327
-0.676825133634293	-1.34123456377999	-3.30810801257131	1.05718127786992	-1.77296758260007
-0.198850550017864	-0.952104132414658	-2.60764093338193	0.610709523086741	-1.94003208424539
-0.590446111061053	-3.21528677771139	-4.36953596633282	-0.0111630421840402	-1.59723670153931
1.16440740301166	0.332594575472229	-1.89637673008235	1.98676679446973	0.217946161562994
-1.70430776352128	-2.20485915331444	-2.74542978624909	-0.491831528293404	-0.517376885183933
0.259351730813536	-1.69076502350611	-2.0048617084731	2.63506189852835	0.854967172291747
0.793933808817137	0.961769963770779	-1.10593555657828	2.31861901572522	1.31867555509219
0.0351603487726654	0.649912569479278	-1.73036822366734	1.19621460460686	1.05448746304029
-0.840614946741373	-1.39655844620233	-2.67614395660373	1.04770018548436	-2.72723800820785
-0.677040771341159	-0.92590646870865	-2.6506821643363	1.6849216931171	0.0374383454387068
-1.2714477216055	-0.511579898576582	-3.99934686108294	1.53429525949011	-1.03878363543209
0.0506125752184043	-2.09191604503995	-2.65037986167571	2.35603138031688	-1.56651075092704
0.258845599536802	-1.290972704973	-1.43942056737011	0.530705402595026	-1.3095343556347
-0.426441299741838	-1.42710367574458	-2.42439047043038	0.140979310313242	-0.227139785313627
1.44315163883992	-0.469574611536119	-0.945856000017758	1.77714072531911	0.584985883048288
-0.756403187798165	-2.10483841877342	-2.80521009598829	-0.761619192153268	-0.654184426418305
-0.234925584169126	-3.44534091348673	-3.82125307582102	0.493499069820404	-1.85915144871177
-0.873989245975709	-1.53765203191279	-2.06318604337856	2.01692074336941	-0.832860487026385
-0.20148915318804	0.835293707221991	-1.59458008752483	1.50949777028685	0.300455480454373
-1.3346121931652	-1.69760296522855	-3.1093751128909	0.366279227215832	-1.49167705795152
-0.931473525465309	-1.82576643214247	-3.00358570219343	-1.91714737528697	-1.4895571986647
-0.32915833210204	-2.24530962846067	-1.31078734841224	1.30775548442594	-0.465079786762761
-0.892786001620159	-1.59208184424939	-3.47737362408882	-0.973330900537802	-2.35786290662297
-0.825555708433937	-3.09075924250699	-2.35856066468637	0.239602388505169	-1.25346209112258
1.56631043076331	-0.0112630310035768	-0.89062067044076	1.04963271292033	-0.0657129736399834
1.06289523413284	-0.784409133682481	-0.893683959419637	0.618092813930975	0.342381378900865
-1.13148280068963	-1.68166058514324	-2.19196895420263	-0.183887269615018	0.839899829969016
-1.07737016727656	-1.05512034245015	-1.47133499921838	0.862363847044039	-1.24192214172593
1.57805879319157	-1.00741289122061	-1.43898370965983	-0.400855871526014	-0.471104750473592
-0.0927480664646912	0.197923824033639	-0.964061934186524	2.92791475994885	0.716930031666566
-0.932456938999563	-1.43503711360716	-1.65622186823812	1.92463798002197	-0.629839082476584
-1.00442876306415	-1.00399855941241	-1.85878599392719	-1.44740951520281	-1.25280181557156
1.27649050749841	0.519001310926362	-1.21600336202834	-0.302432548326974	-0.570074802209945
-0.962853411484458	-1.91402546293005	-3.05276130705379	0.542802403555254	-0.894618702401985
-0.0806044411814658	-1.3788912576313	-2.7600426861282	0.832430608120222	-0.89720605388308
1.82181510791646	-0.470937488104391	-1.55778253906076	1.21775144353906	0.335463079004695
-0.0424995396720649	-1.22071341310467	-2.98719264743845	1.11606963945175	-1.02015761496337
-0.212188596566565	-1.66434993213913	-1.38661942802589	1.20402427424086	-0.301824891243681
-0.696139200102685	-0.816329081177496	-1.45634203726201	0.458894599375072	0.776905898208609
2.08548797138759	-1.00906659038969	-1.34018217228658	2.53985376924956	0.267380710995589
-1.00653877137794	-1.89665002161329	-3.25092058352835	1.317576276064	-0.895016694387372
-1.15424371661797	-1.55849207723742	-1.95030139955718	-0.544738854543434	-0.628855023260764
-1.43439119376219	-2.79352061599236	-2.61498734705551	-0.571834803590624	-1.07457356977778
-1.39894740629284	-2.10248577417034	-2.16079508563179	0.552529531809371	0.596419428027895
1.67772679382011	0.288670601356753	-2.25637471271384	1.52443419847935	1.35516839898199
-0.100097261382021	-2.5606101246553	-3.43429285557752	0.99559552879927	-0.696209881573225
0.25227319501933	-0.512315395856384	-1.41441566270176	1.36924094303387	-1.38526786408568
-2.05716036556026	-1.84387737700033	-3.25917756564251	-0.0182802939571797	0.0929078529269473
0.152365652588872	-0.228405178990346	-0.991643293944874	0.591870059550165	0.423965113632391
-0.609389755188502	-1.27234040609726	-2.94971701749996	-0.156717762605326	0.609398480801263
0.578310870351254	-0.0917480899497942	-1.74643548237003	1.53835180446281	-0.550769145216437
-0.604434207616774	-3.76256274529685	-4.17734697614268	-0.0349424705450188	-1.02056402675497
0.0785475985455152	-0.778900901807688	-0.295206483311059	2.49943178028883	1.73093097790198
0.244190455311477	-2.53611596361469	-3.08481483883431	0.852521076955352	0.137039857499517
-0.322317553173255	-1.44380047032965	-0.952843862594213	1.59644597070465	0.338732215764108
-1.72052664051755	-0.130720787784891	-1.14536145204065	-0.453005800575214	-0.557721964432305
0.812464220430405	0.670338961031588	0.454853179338877	2.38474057827681	2.18653010796428
-0.501856670077829	-1.00351166452621	-2.36883167948749	0.110301805279308	-0.26252082785328
0.502820341269711	-2.86981171500308	-3.15409151823747	-0.708514753826959	-0.144871499154543
0.297230581630422	0.267368357657147	-1.72077933123511	0.584474694724109	-0.0286354419114638
-1.72071963298162	-1.18427697604532	-4.10108775651025	-0.994375149903081	-0.723703599335637
1.79347011853484	-2.19188768762432	-0.694719178168085	0.544201710476879	1.15225908825674
-0.784555446866971	-0.53516599696619	-2.09640342269682	0.598549071794915	-1.94200476119929
-1.3700170762347	-0.201279569617263	-3.57127056984648	-0.541910882243162	0.191326017561392
0.660687686566526	-1.02460300493915	-1.63534291012251	1.7561569555196	0.24916857128953
-0.783669285348894	-3.14299885927447	-2.38101274820991	-0.530954524256213	1.34396265809746
-0.462250969309211	0.119474069924297	-2.09202655379839	0.669971585823998	-1.36051409997124
-0.14549284667194	-0.690121607726485	-1.61888869123261	2.10159494914523	-0.78375845749773
-0.934375281329761	0.363928991610121	-0.960217625460164	-0.293019518320725	0.470441425274803
-0.589082330721746	-0.329545398035518	-0.689933240895152	0.370637767102183	-0.491498504679826
-0.00776094404910312	-0.538665990853138	-1.74303374385287	1.25468229161745	0.696110190613226
-0.199876806203285	-1.26572517187059	-2.74860998218201	1.12380758557931	-1.36598371632796
-1.00893683532512	-0.746479262558314	-1.71563010204565	0.403254687603985	-0.911445593160836
-1.62127402891014	-2.60450726315075	-3.0242555075095	0.4010359622549	-0.113926336184062
-0.68857376094661	-0.830557863771831	-3.00972006429639	1.06551035343772	-1.65812983439263
0.995721217585232	-1.18249101744882	-1.71868770460851	0.786252664650571	0.374845049151071
-0.10688823573614	1.02058698042244	-2.92264981939745	1.75122776926835	-1.78644304034349
0.333513887239564	-1.95506970534201	-1.68523400669401	0.755403926409236	-0.0622497233992223
-0.325822311064161	-1.40763844042524	-2.54660359103778	0.229499741346345	-0.286243107142552
-0.608965080478045	-1.1028927233093	-3.50689778305015	1.12610886433749	-1.70513808670415
-0.852329786540212	-1.39818646835702	-3.19789019890297	-1.04656176329268	0.893471254259638
1.24274328599572	0.759365925336614	-2.00640932035253	1.07778253540883	-0.756106123580797
1.73479940758459	-0.000214365541485018	-1.98858126110557	4.0050013651877	0.0458698467167089
0.924947454332007	-0.463583901682522	0.335961670189467	2.61372933458984	0.0841638829911928
-0.618904876882507	-3.61798409235964	-2.79539398912678	2.4571649244088	-1.31935004643827
-0.559229272860223	-2.34853112785953	-3.47091628644072	0.608496278321962	-1.64045898522444
-0.506925011597773	-1.44423537906102	-3.4969285929503	0.766652592053382	-1.30473615957824
1.41954530193285	0.951103047111866	-1.66709136943706	2.77537612760992	1.21635552877235
0.106720424272247	-3.04925695084276	-2.28633361498077	2.08264295737606	0.0335534868148549
1.78593280084264	-0.298357274872605	-1.52187909397669	1.23692133234174	-0.571839652269134
-0.0566139244992642	-0.564238644597328	-1.40255885580912	0.270630614467401	0.952450455458585
-1.60691273428116	-2.51234881216693	-2.01833758227256	-0.679025716559234	-1.84212338278649
0.187338487682774	-1.14898674107549	-2.14330821465194	-0.00480898006085995	-0.13465869553528
-0.181291423970832	-1.23793495133473	-3.11520582143095	0.516756148008578	0.460600118557543
-0.559550149843896	-1.95599111007974	-3.79356444558438	-0.773658951492431	-2.47991499589748
-1.26665145670764	-3.54493296902575	-3.6453313846759	-0.813220245785208	-1.1817288032522
-0.96934300942913	-1.41596493264253	-2.34624207328178	0.734376675578004	0.324060935990917
-0.156703763995408	0.166423546832603	-2.33336240166597	-0.0728058294928777	-0.327031831414945
0.98677750112237	-1.98916072346371	-2.94896277249217	-1.28145561213345	-1.67885337713069
-0.901340137404017	-1.10234516275504	-2.23963170553964	0.191418837075603	-2.12350609103626
-0.847708120283468	-0.328573903335605	-2.94464582220933	0.128433714926498	-0.934980786228307
-0.142480092132505	0.257171756761356	-1.57713164740069	0.593126818032618	-0.534332298998006
-0.818070479674051	-2.68974364969271	-1.85462212010058	0.878224871654001	0.578085540558325
0.506492952068309	-1.05274547905439	-2.20321608664744	0.51422020795734	-0.796353071568814
0.84850707505473	-1.82660803172609	-2.74804423647261	1.60813187973149	0.569948890764127
0.158674687942556	-1.46216774418737	-2.62942319821265	0.35593125186591	-0.825046733142364
-0.68466102269159	-0.910986188550594	-2.39106440407421	-0.533065609337297	-0.526591720984622
-0.133362241561432	-1.73077793452313	-2.21788985866726	-0.526183124528585	-0.12301290098391
1.53479122510144	-0.747377659718815	-0.992511779401479	2.81188490288738	0.856873939043839
-0.0611550542928079	-2.18367272348949	-2.39580509795641	-0.27452538561791	0.0231282975266277
-2.42576704662059	0.855530418094799	-1.64932967953521	0.135969967781767	-0.605313495349924
1.03506597411407	0.483862991057448	-3.25294781937425	1.92938909230332	0.854266439790932
-2.3746643619125	-3.4446570960461	-3.80221738835041	1.4842520622772	-3.11039448517619
0.690698885424891	-0.691940073321171	-0.532087286238187	0.947293321100735	-0.201639905610125
-0.672886911433962	-0.762411197719934	-3.74333683443206	0.702463701649795	-2.63013670667903
-0.361745712103451	1.9448119499868	-1.7028047495805	0.793064661216903	-1.09824387620459
-1.04327842066453	-1.90753130932194	-2.61785643593851	-1.64953144051027	-1.98994884301866
1.85459724834219	0.115827387443195	-0.773844944145365	2.3502145068346	0.382273605160817
-0.29373919890558	-1.55897613911629	-3.37233025928123	0.256874818916099	-1.58115844567174
1.62292143901635	-1.1507085392822	-0.431071227069447	-0.14920811649027	-2.14331799944692
0.58967078910413	-1.14434767396328	-2.04528191209073	0.303856552836231	-0.212179837101863
0.0773909761219917	0.0261968382007456	-1.24534134645452	1.01704132159944	0.433093944724797
0.314162834855034	-1.07855870132317	-2.11613005588774	0.426205883146832	-1.37054091782844
-0.128371079940604	-0.687843645786165	-2.78608159062444	-0.303207927751237	-0.419326439476651
-0.110446578987189	-0.716171890177467	-2.34247409066503	1.34170679147429	-0.732654514019072
2.20007563193854	-0.968550364804365	-0.894083299061824	1.46709318901735	1.79321254739756
-0.493636798287068	-1.72976768008996	-2.70161295939216	-0.184365003082781	-2.1400786277782
-0.0845324956464193	-1.11481739954089	-2.63894580762009	1.48344303722451	-2.22730886934353
-0.147411289094381	-1.51802996953963	-3.40779787070494	0.43840819719629	-1.4826946246496
-1.78426621805008	-4.07195674789439	-3.82499184876451	0.0559974952797248	-1.00175417404422
-1.54199230481662	-0.402928803347543	-1.97333911136713	0.501261391670229	-0.949148063382373
0.511318059266198	-1.8191120446438	-1.40844096381432	1.78022507366142	0.270243575386725
-1.38718376584965	-0.493654605598955	-2.61051169159033	1.31676531346291	0.447532540995889
1.80763860711683	-1.37114575285811	-0.0298361654771999	-0.0641513003105684	0.303447308282245
0.0194907182201315	-1.61935443848866	-1.59582283577434	1.14771507208515	-0.356485379383827
-1.10941187109707	-1.86861845093258	-3.67813921342116	0.0369525176261337	-3.88868711697397
1.14471190894409	-0.905677828153564	-1.72498985507904	1.69561444442171	-0.598120041554782
1.62332966950895	-2.11889987548847	-1.83513705646937	1.66429584648638	-0.589605884141961
-0.713218331698755	-1.56119112074092	-3.25965062116786	0.299930154069719	-0.959419846712198
0.836147486410276	-1.59470190627008	-2.2648443910912	1.87394643932443	-1.01770727285925
-1.25000373407272	-1.59812174620028	-2.63855654887064	0.617333242003398	-2.39900909943954
0.62556126055875	-1.02945383369785	-0.524321857844039	2.3808072849892	-0.223295646458705
1.21519283100302	-0.892230302429392	-2.00161970037277	1.27271500561299	-1.03720593222238
0.635293374874501	-0.797224688830247	-1.64987744137887	0.0183082580047328	-0.18742725805765
-0.0367036516754291	-1.70808529701652	-1.91887979491539	1.17557877606243	-0.18115187013778
0.566349378838671	-0.978364021136683	-1.57251883777593	1.34336754768319	-0.701526271532435
0.312277914149184	-1.6746570203345	-2.15375040661808	1.6427361226115	-0.140417162209375
-0.96473874908873	-1.84945340542102	-2.86446909568305	-1.90451528203314	-0.845071176581987
1.26395762620608	0.0551459855653038	-1.3757409958436	2.11550007983769	1.70967300485999
0.665130358873933	-1.81196486721839	-2.311404289064	1.05445823403711	1.425832501559
-1.90197515687754	0.123702391984264	-2.55532833051255	0.491935515331196	0.312309405129491
0.275073566022179	-1.89602461826978	-3.74460919064632	0.853798263796691	-1.01225667366437
-0.0914543826258274	-1.49879074903099	-1.2206956826078	0.838952996252504	-0.258949180843847
0.787143748660117	-0.637386101026117	-1.08922427793366	1.60709895594	-0.147713034547805
-0.951324403313677	-1.48875026544935	-1.91163602742481	0.363603012271981	-0.329914013665184
2.44591433797621	0.995649568110003	-1.29025779099468	1.85557237610608	1.00957165993229
0.694018027534968	-2.65650604098999	-3.4384199637385	1.73285455003837	-0.675472530460393
-0.496420978988966	-0.445516770173815	-1.55077157235377	1.03382529912659	0.516226709753111
-0.858858681610565	-0.126809928679952	-1.81231160232585	1.65405044871507	-1.24068205249285
-1.60367427035206	-1.09497422523383	-2.27497743245353	1.75932051835636	-0.847639049246937
-1.26239993116939	-2.83303445686478	-2.37590014690571	0.193245674070572	-1.06309558598847
0.0175239662729579	-0.194304494265463	-1.94345966598239	1.54828827890471	0.775829929468172
-1.23855859123489	-3.22698811070319	-3.52191242943724	0.0183320202104698	-0.190604529817086
-0.426557149518628	-0.97724299355426	-2.22524836054199	0.885902245047765	-1.19656892706293
-2.80106704719686	-2.07833169712475	-3.75513982222335	-1.00848728486163	-0.437612208439052
-0.655037681767218	-2.18551868926809	-3.57194680171215	1.22513756301848	-1.42901430258918
-0.28217310222093	-0.785017209937371	-1.70310430810946	0.480663644680201	-0.264444101495196
-2.66554064781509	-1.73382141183122	-3.08002299534916	0.96934555754866	-2.01495079939668
1.51770087483244	-1.15856344789846	-1.82136171080266	1.60702869557437	0.18937581596011
0.485667962765898	0.204843625452944	-2.80404603623348	1.91613158882538	-0.872440111136721
-0.226791641888847	-0.211378299843974	-1.62460598883364	1.28910495103199	-0.38224331988618
-0.0211455763623303	-1.94445303215328	-2.68131572288927	0.447754460419237	-2.41091597143992
-0.680767499609674	-1.60399683016713	-1.9054782875472	1.65211291165261	-0.284869048118501
0.909506202926665	-0.745364980031404	-2.17547758295199	0.362483141454807	-1.05831317114351
-2.69399826699939	-2.87966679626521	-2.88765612366722	0.857792933546477	-1.28130744479954
-0.305613453817122	0.880078337263427	-1.96101156125728	1.82313975509573	-0.424536601215227
0.103556235170031	-1.41563661216081	-2.17244908299421	0.562236903696728	-1.28055900027609
-0.138978291637286	-0.914271064271551	-3.45182300410563	1.73078619783604	-0.804291336410814
-0.825336175060201	-1.34435438129049	-2.493412462797	-0.117769718496729	0.0897248237772001
0.64299419659521	0.217748271856981	-1.13596060863292	0.355304103745568	0.281159035522381
-1.01675842474806	-0.538810660793635	-2.15795643258908	0.404214511929767	-0.465781026313528
-0.998598612325678	-1.66911219486442	-1.50324109099955	-1.19993157309139	-0.883831830350203
0.813337692323846	-1.08015678446724	-1.53629850491573	1.06094695379084	-0.400129487885088
-0.387076124522982	-0.430824380009543	-2.17424097751233	-0.0760095758547243	-1.66062772971796
1.19488756306785	1.16910922537102	-1.16900543751125	1.68864615978421	1.07539332885205
0.695885257194154	1.08471536243891	-1.38466007807458	1.7276015604765	-1.04540824851801
-0.222113978160609	-1.58486274319125	-0.913340617777442	0.173384857702038	-1.28164222667093
-1.5091228241297	-0.311477107785501	-3.02506581681326	0.711789863679897	-1.39790561374831
0.55298512485472	-0.593489759758573	-2.30897350430808	0.482339908844116	-0.392292697955785
-0.463783038744935	-1.83122739123066	-1.23986578678356	0.544361647903595	-0.494237983668657
-0.119737159068645	-2.48491572733445	-2.57117616077893	0.486828356826374	-0.484160911078872
-0.927432928995046	-2.44129488122287	-2.56844942687478	-0.657393769627022	-1.37974114970175
0.298109394779663	-1.27681736109501	-2.26632910945703	0.636691518989273	-1.08222519637339
-1.41308891923672	-3.14994999137968	-3.65992663840878	1.14315398685093	-0.869407925542603
-1.14809978020771	-2.68734277262892	-2.10337634440618	0.45287763484721	-0.212058496273946
-2.01073602294678	-0.035652569128606	-2.39371863160174	1.10317422591812	-0.734993146068523
-1.11387053274856	-0.0702528017042672	-2.76980994555678	0.526953262399475	-0.419930953676621
-0.497553679002653	-1.57451407822746	-4.30921803128396	0.253305615278063	-1.51472725961337
0.87879417739102	-0.359956956380044	-1.67626090301092	1.46166490984585	-0.210220987476379
-2.59379357641249	-1.95182385905635	-2.7692862885568	-0.142113953044959	-1.6512447306838
0.787906524388153	-0.470317710344687	-0.778395058886621	0.125338675366756	-0.424991716455857
1.53648134781543	-0.773742375657644	-1.20064084384669	2.07111554746077	1.42978456233385
-1.51807268835742	-1.91731920603292	-4.18825846587409	-0.0124609222099614	-1.77842329771147
2.14134689450213	0.412820849249046	-1.44468208760984	2.20295532328365	0.590314137447209
0.641295894968302	-2.42212259643182	-2.35187005527121	0.442292476866234	0.227717191017854
-0.0819579418859986	-1.4844651887962	-1.52993018021158	0.392076585614894	0.0975539566635548
0.396883086565869	-0.706242839305459	-1.83411808893996	0.375276591188039	0.234550918008108
-2.28298411962757	-2.40823933370758	-4.40749781894311	-1.89256460462572	-0.45321866848273
0.936389781286757	-0.927183112934967	-0.866985985290263	2.11702870109207	0.857109902425781
-1.52038149070568	-1.57162176422459	-3.33250703688999	0.889736684298766	1.38211632209621
0.853653339898038	-1.97914814028392	-2.39495792534578	0.349132344028694	-1.039490783659
0.492654078132844	0.641993142451369	-1.49942697650039	0.338637314625401	-0.669940573753618
0.146017635698506	0.513814131198618	-0.0701126419403035	0.27820144884533	0.321405263544204
1.59691821867586	-1.92771236770917	-1.57874909312493	1.73065869251893	-1.45129894344818
-1.56682879620612	-0.270916823382965	-2.04944995985886	0.997062137015088	0.380761535048701
1.27950309743912	-0.579121957755882	-1.25137854465504	2.17885076931244	0.572341065532344
0.211167401074838	-1.10411355886994	-2.92939643975922	-0.000466267989081337	-1.76179402379804
-1.50737187559138	-2.18037398058821	-5.19716951025375	-0.501914612480279	-1.96520741348653
1.09308534170582	-0.321575535413561	-2.58273663155614	1.77053595032567	-0.39560559636044
1.65896479958681	-0.509382092406804	-1.35764769089391	1.11482440240678	0.606065736846436
-0.45367517006433	-0.0427435618040777	-1.95972724888751	0.425595257757956	0.0289587091562616
-0.195388073923296	-0.986949686282229	-2.74605671325918	-0.547565088499042	-1.70292415711931
0.874876416175244	-0.31243539930752	-2.87438629146852	0.633940006502463	-0.537275249640459
-1.03307139851266	-2.44496912539039	-3.27190571636033	1.93381163742764	-0.345239504879298
0.719109089318904	-2.84981991042262	-1.85863033008574	1.32035308054423	-2.76824601055537
1.98458869651898	-0.147007199996644	-2.14604148730315	1.17890325388744	-1.11750181895024
-1.41907291118434	-0.947997236288946	-2.8134555794747	-0.0812874377290236	0.611655844947946
-2.46135673753526	-1.88197375153539	-1.88786173393363	0.781210832635273	-1.82151868543622
-0.576126418851691	-0.675339267585472	-2.42524738962512	1.36866969039082	0.38536496313099
0.623331134333329	-1.4017670027579	-4.14312301891066	0.812111696843418	-0.575176013478881
0.443300774982282	-1.37386985188817	-1.17206004994165	1.26609369982849	0.696027125506872
-0.692632520936523	-0.446111631281172	-1.71024671073719	-0.263683325978921	-0.563397680030223
-0.141930416257993	-1.39269671954021	-2.48896842068992	1.8563811070638	-0.842030193258218
-1.83304467998479	-1.74227839120006	-3.38738694135388	0.265825055281269	-0.615070846272856
0.690243924033165	0.643533734115035	-0.557540937422239	2.05051302318471	0.853525698528633
0.438134280431685	-1.47642317438557	-1.81330331694159	2.01851195170241	-0.387302190834106
-0.372860096515443	-0.860153425225416	-1.84126555143524	1.28322951516001	-1.04947177974896
-0.278340445165528	-1.61370898243984	-1.60990340079355	-0.00710973072306798	0.0685051434678796
0.176086698246333	-1.92954209446576	-1.57580820620581	1.64404418584378	-0.0310149148566682
0.578752163421882	-0.419267474020149	-1.84948357105152	2.24936972919697	-1.48116139736325
0.025501289790124	-0.51128903482386	-1.97516637450584	1.43088026442673	-0.263844498182408
-0.892404437831201	-0.13874804846735	-0.111307321727697	-0.814866321013311	0.67109620625602
-1.25649844299854	-1.17811322373434	-2.03812223077215	0.339270995216011	-1.17960042712946
-0.411153986246151	-0.0889992785967773	-2.67621786992193	-0.734525393240397	-1.08568087115925
0.32603099863991	-2.33877526858902	-1.59939496293169	-0.887240678839334	-1.75864110814732
-1.26789020861014	-1.09204313558014	-2.17926570863688	-0.683675392132147	1.20351535729581
0.762586907996694	-1.41379382435211	-1.20137148163101	3.61167156265524	-0.123050728259318
0.23146613290637	-1.54342697316593	-2.56324765742667	1.48119003607938	0.648500061758099
0.149609268413659	0.292685733273233	-2.51729353538933	0.363850043087119	-0.189230998242801
-0.560594678376288	1.56397737686851	-1.20868184008975	-0.498888932174804	-0.695510026427943
-1.4483619258371	-2.58975430661148	-2.77053123411669	-0.00280646286598973	-1.09427211162274
-1.83370433172471	-1.34124609690875	-2.84202155784777	0.122628798527114	-0.543837245210475
-1.09906634589175	-0.394728863897346	-3.76495672421074	-0.233667454698743	-1.75349008421791
2.19868086583286	0.123038946986516	-1.61331964785882	-0.701594266524741	0.685489943154035
0.242807155778259	-0.0268938205977756	-0.856675335318399	1.73145166379907	1.21173392985944
-0.478173184675703	-2.5203198628551	-2.93417214310274	-1.3337970680373	-1.6887587206847
-1.39256385419019	-0.914673116958819	-1.96958505470666	0.432943498165568	-0.412222118389997
-1.46692420207667	-2.54632108734727	-4.03208108131648	0.234667102913906	-2.53070995944171
-0.202557985716208	-1.3133081900418	-2.18691164002095	0.482951685897104	-2.6272266751785
0.844960432805839	-2.06705958065512	-2.14488528845844	-0.39804687589371	-0.900717257651119
0.117614713042648	-0.925616255913157	-1.59907746833761	2.37752468537397	-0.166479459834901
0.338489431140294	-1.31656066593525	-1.41624151523325	-0.350369524174501	-0.030526868887049
0.871727239364318	-0.245312978556619	-1.82931751632504	0.792653268624098	1.23939452331644
-0.33715177595444	0.219491286170219	-0.948252150136216	1.85306953016789	0.481338040003023
0.447053310608165	-0.489230715749505	-2.91261728422012	0.390602713407344	-0.518834621746953
-1.29197831160775	-1.97070402200307	-3.69903465896881	-0.653131761330789	-1.27787234929477
0.157946525900444	-0.962187615585422	-1.84235012465926	0.510165410752267	-0.54033737445019
1.40450574084431	0.0614652832509697	-2.08397965176918	0.672371032193939	0.165259300200596
1.29159313036125	0.255413365111766	-1.35167310432434	0.884732709028556	0.650468030565833
-0.656246749372148	-1.44837597004063	-1.66861078431444	1.38544831626782	-0.332292377696333
-0.805263854791022	-0.894994067032507	-2.16945158577816	1.27841112779168	-0.238873104066802
0.809028773422134	1.4048476667664	-0.232706229514515	2.66363323782511	-1.15339782815067
0.186902105461086	-1.79702452368036	-2.64048356995071	0.0800519156044669	-0.38880183871759
-0.257047325933643	-2.48788030841995	-3.88021738046236	0.105332109738961	-2.3789041172254
0.265645790913655	-0.369929068272492	-1.36867251974903	0.219889423258167	-0.442286984819008
-0.605261612213731	-1.73554613627989	-1.2118184294206	1.3101213548576	-0.0677419960375899
-0.599349298676527	-1.58950541035377	-2.99512174792477	0.519661953341551	-0.22539258866676
0.340946079168764	-0.881738619573341	-2.38162798683865	0.776329757410204	-0.204266131426918
0.142210668999799	-0.608175449673989	0.0200355369453531	1.37564400586858	0.900808859137776
-0.271559524704797	-0.831832579415316	-1.51479039748461	0.0602262813029386	-0.360027366821899
0.251532237406708	-0.846881784063789	-2.99876825222586	-0.190319128750377	-1.66863918843179
-0.736690878093684	-1.39773298767628	-3.51268663369988	-0.209022378300508	-1.09162685944659
-0.938706043339417	-1.65952127235357	-2.81592933549261	0.863054400199518	-2.17763929386599
0.20607774010665	-1.98050103341025	-1.56695593918387	0.899693165313912	0.40415429089709
-0.2577975979536	-2.0376162690652	-1.57086745793308	0.752920643108019	-0.340197891762152
2.5135435633321	-0.463726021831712	-0.186137847848456	2.77762667362479	1.27468145992938
0.305841427255937	-2.58668225326404	-3.09334932034979	1.4097643855687	-0.789161266197777
0.741430275601592	-0.446062010106826	-1.81353603457681	1.91676958927532	0.475892346111633
0.73648968737148	-0.395168604315415	-1.00972798249926	2.32061142861138	0.401256409607847
0.754490385349302	-1.8506162599923	-1.75552288996118	0.971742946909189	-1.07940951041705
0.232972410025038	-0.635511896194028	-1.32685726289427	1.59824826902608	-0.269328004532443
1.01842767885512	0.568141345287889	-0.977325759102156	1.49751114644903	0.156835642793307
1.0861090643524	-0.497279985924256	-2.1344333129382	0.21430363487289	-0.537597631805927
0.781328781671361	-0.247191698334	-1.4037507825781	2.53963060240646	1.29162494689279
-0.208077219584721	-1.56094071190786	-2.31112516739083	0.255224972136994	-0.244010985244942
0.634813470700468	-2.9308572523031	-0.951869171352117	0.557403745660606	0.0802296983063284
-0.269041832104848	-2.64365669764687	-2.55153761956132	2.69688032709647	-0.270442071127281
-0.915753752883968	-1.71363614263854	-2.12158423542751	0.259597656614815	1.59382189815762
-1.14028664925467	-1.77772121412234	-3.29757134586823	-0.472383252033402	-0.677969979786177
0.579561576048295	-1.88277164595995	-2.58580223844486	0.121974785890379	-2.81900928822315
-0.204397163771617	0.844886967280087	-1.77893983715807	1.65649012062052	-0.609775886402302
1.73551911921799	-1.10524207012135	-2.16396849725241	0.264528050408948	-1.57492817357915
0.504362845309765	-1.57796819505072	-1.26377395790075	-0.0042430488431312	0.706892222559013
-1.79087602054585	-2.56319067720047	-3.50052933336255	-0.0161122411280629	-1.23029056847205
0.760639649551472	-1.04963201613669	-1.78154333154397	0.881708105370882	-1.23901622626571
0.897439168398231	-0.132735396494317	-0.862628292856152	-0.126756536623236	1.10785756139433
0.269945410321045	-0.286514824907287	-1.33447364904965	1.6962702660554	-0.353447489325449
-1.77564531020772	-1.85093250099903	-3.87253517968327	0.826758885276249	-2.12415858658259
0.57697898999121	0.114800520326874	-2.18301364773988	0.853015797451612	0.422156681046171
0.341964567620251	-1.87691344305966	-1.07965671318615	2.63909233190227	-0.502672621510495
0.226653707857992	-2.19356500361043	-2.00267146184974	0.253380306164254	-0.171161636665566
0.0729841511559857	0.550484328524655	-1.48117353442529	-0.26407307248026	0.534134329573923
1.15231083118428	-0.476798067107232	-0.940017415369504	2.1737751394674	0.155626972570617
-1.03564070540217	-2.06477322408237	-2.82764734066508	-0.166227982232255	0.175820589015723
0.743885264718599	-2.6819838775368	-2.86969714660989	-0.154204658412999	-0.815471129934905
-0.428950943453803	-1.2706492993719	-3.33707548221257	-0.199651966232982	-0.992767232870598
-0.664777457624373	-1.06075175395911	-1.77576926768784	1.07179111386607	-1.3413639013974
0.463903311912342	-2.11478547975093	-0.736949386959141	0.0934974934645696	0.0279857691488455
0.744487160863156	-2.00901168722799	-3.0506314701588	1.23881403884683	-0.927401786824095
0.2418424350353	-0.396084881595104	-0.71306715459869	1.83967349587513	-0.540556243507868
0.581407258028477	0.102180167860996	-1.34725467961254	0.450334105299635	-0.515655979558496
0.583000839232058	-0.518442096659415	-1.36359572439605	1.02471720205508	-0.888389645262928
0.612989766546284	-0.212004033369972	-1.52809528056596	-0.209188864494214	-1.7674852084819
-1.1398764407587	-0.363693170005022	-2.15652341797157	-0.254950693884915	-1.06825681279982
-0.0736492842508664	-1.77118583229753	-3.77277589960292	-0.252081504595447	-0.22541238329135
0.498821882773071	-0.782611258861102	-2.7540020322722	1.43603209129041	-0.38181588126123
-1.06192694356888	-1.00854489328099	-3.13598960301044	0.378150109975206	-1.29932833157734
-1.74088554102453	-0.896487986777325	-2.75061253678679	0.386812247507461	0.68358973001441
0.0194104015746638	-1.57446994658573	-2.66988383514975	0.656046274525181	-1.89671727892973
0.22408812318335	-0.142401365858856	-1.92559481550978	1.45135295614921	1.42870752800392
-0.404726054899864	-0.743498276844279	-2.33949522402762	0.77105022602033	-0.300897926598594
-0.273430570033161	0.65532942216565	-0.992105383587064	1.10888820584334	-0.479726605612214
-2.51288702817262	-1.64231026547724	-3.72204106456572	-0.445734049936249	-2.06757837504935
0.63109734401785	-2.72899311166329	-2.17003867995188	1.44452089613872	0.42423980064877
-1.79819839193345	-1.21300141755664	-3.46910865229435	0.820526764885711	-1.29837235879209
0.516860396592935	-0.0604778749970813	-3.23759181794253	0.622436493359895	-0.429596583637728
-0.325943295158306	-2.26978738342321	-2.65655446901568	0.735541540912914	-0.562460312465341
-0.175565892146616	-2.379335096745	-2.82515684332934	-0.740264742331277	-2.35537879317043
0.628564669975451	0.218388497701722	-1.81867631531397	1.44108330951892	-0.472530287315008
0.428159918326632	-2.19764005902427	-2.16202930710919	-0.368007106666132	-0.352437079011584
-0.16477809928432	-1.2051451474593	-2.69370935336942	1.19954805390633	-0.134508327782895
-1.86240610008341	-1.23303203856288	-2.8336203873447	1.33909403180769	-0.696938345158571
-2.19958815495475	-1.84924332120115	-2.59964070543137	-1.05627069821863	-0.239603504881435
0.388124303160937	-0.999265536715523	-2.53338731220684	1.44931872784802	0.133825363062157
1.74037570481045	-0.479486328090657	-1.39706467264475	1.97142568895167	0.618269471715815
-0.922190452190728	-1.42522218127951	-3.36209503393529	0.268738199874685	-2.57099461484433
2.0940269864652	-0.443690042113907	0.453233467123658	3.72825715302444	1.23494822255707
-0.184685342228263	-1.11062285013829	-2.3450789111714	0.960676858612348	-0.134086088253638
-0.64622850737092	-0.862064457246818	-2.26643307743576	0.683690322034871	-1.00911028981352
0.573072204242588	-1.2696344737407	-3.75485225345141	0.664251896397174	-0.591807792455611
0.444711091154156	-0.825714405853496	-2.51700242515327	1.78875386910872	0.285853340887291
0.4434548919697	-0.17720648606395	-2.38183572660534	1.81325978021762	0.616955819756204
-0.487793121706631	0.298758069565317	-2.22066806032559	2.75432225381006	-2.12631471575889
-1.31379207496124	-0.958142678810375	-2.82271204290709	0.291196474514768	-0.16796193442167
-0.687238759379567	-0.169978529733082	-2.0453669369711	0.462499405596724	0.813874116175159
1.17606317705495	1.77378994503376	-0.722678788281962	2.51561484770795	0.242347668358719
-0.489585953356551	-0.94717122016717	-3.04531158997957	0.514031418176137	-0.703598846975524
0.103590975592702	-0.527360392329186	-1.32239211324143	1.68156837513594	0.576413815647782
1.07104186704352	-0.632364881459224	-1.55663409424427	1.66233484855323	0.266079425594538
-0.977323655291904	-0.339249528804701	-0.838606118780171	-1.19797784612081	0.725173438379408
-0.329589911071124	-0.29971545752343	-0.987274333398147	0.452144075668266	-0.890564172031472
0.78189885695991	0.284768694784827	-1.41167849595408	0.889269259565225	-0.0569867855142888
-1.31452524748887	-2.84922801331634	-3.89471845875398	-0.37438953123729	-2.03325347884021
1.50384469650235	-1.13035186286513	-1.66415144284158	0.534241472193805	-0.0487486198776549
-0.231053170416421	-1.46970500824812	-0.79278619492235	1.1746519552769	1.13776010191587
-1.02564489769794	-0.652240194754573	-1.04279615696678	-0.922839184359628	-0.194086490775445
-0.428196903633977	-1.89701574638447	-2.52130935302807	1.85368692049597	-0.230924793621093
-0.71794541743035	-2.61696529569046	-3.83973325530076	-1.52196643954714	-1.26751401369724
1.71958156333838	-0.349829314810435	-0.534752864291834	-0.0256828048346608	0.93039845814485
-0.541218084113196	-0.836146403953369	-2.32550972543298	0.0885168424986877	-0.530927690415246
-0.697487342848543	-0.26216343720696	-2.15072017914524	0.965278216098468	-0.398168937058808
2.47215083972236	2.60238613237385	-1.37229321902842	1.75254424911913	0.839924404347186
0.0663851223515452	-0.416245825401214	-2.28951757277501	1.05369924094835	-1.34866475547225
0.323336755875702	-0.265095234817299	-3.48048229552264	2.07128635353383	0.460003677561331
-1.49020431050988	-0.272811023725748	-1.42428394456551	1.39633680666422	0.130396409349017
-0.828594773223052	-2.17532138308633	-1.49971571615805	1.59093419855799	-0.592467061875774
-0.820576613826115	-1.16906291774375	-1.69616133188117	1.35133345901846	-0.84185175074273
-1.23572918682929	-0.731300678476445	-1.40574411459593	2.09958660543533	0.704066858962341
-1.41066150878519	-1.67229684803779	-2.20539128700997	-0.190114629981318	-2.61455643026967
-1.14543944201483	-2.93549179795657	-3.88673900668539	-0.266915377286578	-1.14343415941486
-1.25233951278928	-2.20509070796102	-1.92527704789949	0.438763413988338	-0.5691679512252
-0.257882822463164	-0.148051182972041	-1.62880299058381	-0.298375518101093	-0.927674085915781
-0.943304663125799	-1.72201126785164	-2.6451089023634	0.550010423658784	-1.75883534401491
0.0860304770568392	-2.04150174096597	-2.01309814516347	-1.81227379495793	-1.63694818844142
-1.65908224789159	-2.60015888443835	-3.20341465462116	0.48215377650811	-1.89777302705267
1.32894655245834	-1.55150242919949	-2.1379689397717	0.338324211792429	0.237916802768963
-0.350341475445949	-1.05642500049005	-1.46524122349266	1.17264342827968	0.180108654048124
0.203392833657529	-1.7909847491738	-2.60043136561174	-0.840533328028902	0.489346015838903
0.707147080410678	-0.913225495710296	-0.757380475804417	1.77576445509795	-0.536925109666121
-0.00811997587865759	-2.14293694168835	-2.01255304854201	0.144096141886665	-2.12461402389555
-0.222256341178195	-1.72359848848512	-2.58318168309807	1.43706483677895	-0.678423507522195
-2.31129851168423	-0.885148820801814	-3.26251238495274	0.100494165100339	-2.16037371964555
-0.604888509323104	-0.112921158439743	-0.233118106890344	0.616108915686818	-1.72500245686536
-1.11145858191523	-1.53542141960127	-3.22100056155409	0.00744208402285162	-1.89751762642412
-0.511328350184492	-1.18054375778967	-1.79595088343833	-0.803306251840118	-0.853674513353928
1.93440884703656	0.104418016948319	-0.182420147984963	1.86839073595894	1.36724915111815
0.278065442209549	-0.696429886350829	-1.48594568524118	1.76928727175798	0.692385396959352
-0.140885563657468	-2.10723759247822	-3.15277994607714	1.65370335247333	0.143664343752687
-0.215730070106841	-0.873897336553254	-3.28980151621903	0.247992257037379	-1.23984072989306
-0.543197445680761	-1.06042715944527	-2.48773119094607	0.49279981717521	0.626435060408466
-2.25035061777602	-1.58605261729647	-3.65987945322435	-0.892597640918918	-1.4007685096245
-2.17531705946649	-0.446253285759375	-1.49025782636492	-0.532695132173525	-0.481302467358251
-0.431195994642388	0.168827846715243	0.0455834110322719	3.17164317693187	-0.0815842556270371
-0.120261616835133	-2.52455237163023	-2.74412652930193	0.249547623634394	-1.51494829730307
-1.0477236720718	-1.57648163548979	-2.38018113667241	1.01454541489193	-0.138678344860283
-0.848812301544771	-1.30097881944299	-0.479866181752689	2.15144326748165	1.08245744930703
1.0734399880853	-0.0692625979939934	-1.86226881281088	0.794833336147656	-0.724813038573273
-0.269190386077462	-0.0588695971129325	-1.420198729545	1.87597156936844	-0.863348328552024
0.952683123630853	-1.56607435762761	-2.3705114044197	-0.435993597486081	0.403503320873842
-0.907241086915311	-3.18505967816135	-2.70857743139543	-0.714856223267325	-0.795662473023576
-0.0504386254552759	-0.342442491283894	-3.16868800224824	-0.126988791491603	-1.54720280204176
0.377173221501937	-2.00003523604814	-2.01282679856242	0.210306006532492	-1.43233961445083
-1.45830246884189	-1.16212687034061	-3.52209316408747	0.884765662705164	-1.19697233471316
-0.0894965230131779	-1.28283501467019	-2.46656841559195	-0.8730210581666	-0.0357127253039475
0.118995682953428	-3.46653490039116	-4.22291706523379	-0.44021156343001	-0.0953909762461238
0.123645245404406	-1.31666173400177	-1.9689127939781	-0.433385988177216	-0.346086157005559
0.853627411179706	-0.619569519605328	-1.49885838338053	0.170002671401477	-2.14190797016932
-1.44998406603464	-0.620652418323268	-2.14082541096471	0.97837379567309	-1.07628928360677
-0.348291299950203	-0.933593949937741	-2.22096775930008	-0.0744548239105947	0.189276336530249
-1.42661626950773	-2.49449359898906	-2.7697677084719	0.961800416368187	-0.770911065378554
-0.660178805503607	-1.45459731292327	-2.68053674593863	1.13364039599787	0.766511107326256
0.922720912744788	0.733652818444602	-1.44011696916239	0.638358436685316	1.01469511571851
-0.602177715433076	-2.10540747136506	-3.4980551379813	-0.960028132697441	-2.25368961510994
-0.817607017264784	-0.774684185235245	-2.74574847896605	0.729689612497277	-0.429490735295926
0.386052531635226	-0.708252720943534	-1.56368045388044	0.633091798715021	-0.3621096694575
-0.341757189995591	-1.33485058733479	-1.09484187591394	-0.545213041821017	-0.281306473184198
1.11231435646315	-1.38051110402144	-2.38987805599119	1.51144166780055	-1.58437565057648
-1.700461766151	-0.6153654364268	-1.0988512184568	1.66130370990312	0.124207872530106
-0.089598407666414	0.632161394946823	-1.10831254648624	1.79848997979639	0.0843303666213613
-1.66948066507308	-1.92594168681539	-3.75657543851133	-1.39491799451978	-0.66313374003719
1.81760530378734	-1.3971745220329	-2.28108457397162	1.51168225415643	1.28879005310154
0.147609507093633	0.0414399387853104	-3.6606081735251	1.16508319005096	-0.572981228349401
2.76710246232961	-0.31707252228778	0.0945091277987165	2.76052844528878	0.680613907999845
0.120152701344648	-2.55663459230562	-1.82494433910721	2.04630975563263	-2.17682231103625
-0.846024979649046	-1.50202423220566	-1.76506315985072	0.469262263789283	-3.07701700783124
0.758039019856165	-1.62608929181713	-2.4874695933772	-0.873970870909732	0.449716538694492
-0.766132562239654	-1.39626697532501	-3.18535182117344	1.35474253120407	-0.455214385118477
0.266992146344561	0.378171188437145	-1.55725451181443	-0.467697759931887	0.0790334512188955
1.35646865863307	-3.31234590428129	-2.07147478161926	0.5975009956433	-0.582571564322909
0.0356538506882371	-1.93889895703022	-2.72368845788544	1.62417674333222	-0.043871864267611
-0.156182868910152	-1.60419230648954	-3.18374077062795	-0.305749355882533	-2.66002827999119
-0.711788735103658	-1.36071086737449	-3.41662287679944	-0.128973072935994	-1.25046372830144
-0.822715040128083	0.286252559800978	-1.91019595605461	0.996703552814335	-1.25104376161709
1.26126412816488	-1.38106439450873	-2.17508024297524	2.06366414189894	0.869222573759157
0.542122470170896	-1.26732517153587	-2.1050004880321	2.46808672576257	-0.0151135609897643
-1.66214298669358	-2.40741183066032	-4.98407524978494	-1.27661506601272	-1.72113078670025
-0.806101155466837	-2.56738833992038	-2.44638128638948	0.267667885904954	-2.16595727825593
0.0385400173566376	0.0720725421748192	-1.99492721306219	0.409442345288717	-0.848912060406291
-0.234533582127176	-0.366563146392598	-1.71069794336237	0.734927897730912	1.522902601345
0.300714976823593	-0.63915222550508	-0.681839654701909	1.59529162697811	0.878337492441686
1.56199853220706	-0.131100436114665	-2.25322608968245	1.63913976749293	0.203679648779604
0.071220713054898	-0.214793705648069	-1.51770290946903	0.952487259635654	-0.121228091468774
0.257181773883582	-0.0576093288221171	-2.58342531235065	1.57817202919259	-0.00360703201041834
-0.115826478186806	-3.29333555325926	-3.18157129927378	-0.382146837651139	-1.22747188876055
0.116599810338146	-1.85587149975201	-2.72827704051864	0.881019742926096	0.641109852815376
-0.697347618755912	-1.85504349408941	-3.2476418392192	-0.494737214575988	-1.98343923687259
-0.321314228243353	-1.2585822174523	-2.13565241297017	-0.263687881331826	0.809066517241216
-0.263325545459389	-0.350027872391584	-1.60673058570825	0.731980292545622	-1.95216854105928
0.780234639685063	-0.156366176354136	-0.855914456167611	1.59121605835697	1.46487970985381
0.631193656766027	-1.01181916813874	-2.05482936601613	0.254774645487327	-0.296680015476434
-0.999493299645557	-1.401257666688	-3.84589844006481	-0.222919899614161	-0.266682730242543
0.578312316066366	0.65873190664063	0.329665809643925	1.00739235147502	-0.238113043720341
1.6537994589165	-0.0341654715361785	-0.983583051329481	1.04717095568132	-0.107556557985507
-0.418567270551003	-1.31446690256062	-2.76236853985607	-0.658253666603559	-1.53922751715435
1.20293883503322	-0.264372665698869	-2.41030472234956	1.23283238052114	-0.701310303825677
-0.575902775662795	-0.864297700313652	-1.48703939297697	0.263856015628069	-0.487762211376988
-1.00820065430478	-2.40633138586214	-3.96603916493161	-0.0324461551617881	-0.402447027194475
-0.674846417001024	0.198658390267923	-3.27753587240255	-0.121046776292701	-0.532559587642951
-1.10931984655675	-0.19696948607316	-3.14533100487137	-0.0198139363812501	0.321789559096721
-2.64075025818059	-2.31452671774512	-3.62748475854826	-0.379985318773117	-1.46167775340953
-0.709239042875404	-0.0185018365713545	-2.70345526977392	0.652016622918179	-0.895945369707085
-0.505143043972461	-1.65872687026969	-4.05837798792797	-0.288828615297139	-1.70789496060904
0.116500954880601	-1.25069524797254	-3.07756222540104	-0.465467575079656	-1.22121208823864
-0.229797394235143	-1.32309632099102	-0.914272406783831	2.08815930229951	0.96466536634397
-0.439826058067577	-1.0922765863042	-0.728914980172988	0.66197070287074	0.039530866669702
1.18915197384325	-1.34911631999762	-2.90265317086414	0.907491836626648	-0.946161757172523
-0.332261620734969	-1.35287219985176	-2.75551650478266	0.382864360721657	0.0567484952475072
0.746125278924581	-0.581427572700351	-1.47417948109658	1.80440190885247	0.801603390604644
-0.773762577783234	-2.04811737458233	-3.22182416871528	-1.03335660494765	-2.25609298044382
0.635659746031548	-0.79480345418588	-1.9181119924146	3.20252254269612	2.12504135870491
-1.08933948738852	-2.28416187068616	-1.76635257340367	0.967492306668893	0.525573394343436
0.580107175552725	-0.479452373980574	-1.54017235162903	1.65363971169862	0.22366731188449
0.166315268319089	-1.60171687249264	-2.33565521986061	-0.600394779018294	0.300359725617239
0.405743270423007	-1.10612093454484	-1.92045779427329	1.69048729282481	-0.183113043817239
-0.822150952303572	-1.14254727797239	-2.80266283834751	0.276019996615999	0.12783754421936
-2.0599787673998	-1.358241957508	-2.74465930536889	1.20549235059478	-0.29226432865444
1.21646184691892	-1.74945043549433	-2.25232780887666	1.16708776089475	0.232481786895321
-0.60531844044536	-0.676935641092932	-2.1785922688716	0.232274405395573	0.327277545912778
0.844618982690461	-2.03433759294343	-3.2172710354737	0.888561367707726	-1.64826655063845
0.532281246561848	-0.652485648002672	-1.46801435571082	1.5483222858845	-0.33994077837872
1.46423006258401	-0.834649689565715	-2.21603870915296	1.19531930623734	-1.45849276813587
0.386874917250315	-0.703401049422569	-2.16042554462989	-0.124272050586397	-1.10144118012475
-0.469095989681563	-2.84225763621551	-2.31715165191726	0.268266147732271	0.345695112993255
0.811870522701875	0.337921679611387	-0.940763411780256	1.62732250034615	-0.369998024789541
-0.414651760245067	-1.95251889433744	-3.05617497973663	-0.0840120918731653	-2.3475862421765
0.661172690153914	-2.11029482750588	-1.74335089851412	0.364769195579349	1.10186572200135
-1.12568334720916	-1.99148063509771	-1.81280563997171	1.31474721537627	-1.84003749350938
-0.414445681014379	0.356243200506732	-2.32433761119303	-0.0528397832419663	-0.0919292627770255
-0.312216933744171	-0.226688353369411	-2.04170286322351	1.00151334753247	-0.723591165981506
1.05274656178399	-1.10893822796026	0.143194284999645	0.950079250090679	1.85305818830432
-1.21479701990403	-3.35375639163417	-3.21358511380895	1.27155884933453	-1.12632215137783
0.21263410304163	-1.00774058469533	-4.47174987402666	0.193243453031614	0.263754007293907
-0.822643653674304	0.0205699838513842	-0.617617744558627	2.10245627056882	1.41408082380951
-1.36058810496363	-1.11462062470098	-3.94504656333823	0.585702245817781	-1.38950241249246
-1.39046306038777	-1.97263290667403	-1.74492968758382	-0.0623362522736136	-1.29379956055321
2.17340062996884	-1.4878045346495	-0.764689904680374	1.47013711242272	1.49582690709053
0.255564240911942	-1.64136195887014	-0.107438754737398	2.06192391483476	0.310442971962879
-1.4830133064876	-2.96051727012666	-2.35500970867963	0.203801794802464	-1.98474512885706
-0.819405895167332	-0.827834959348284	-3.19956296727419	-0.240515574668013	-0.426493903799898
-0.0286854464402403	-0.0825926877271186	-2.53397157060334	0.461476817852662	0.653397654546626
1.02398574224361	0.892039370407648	0.357204855697025	0.949254683387421	0.364431874093311
-0.211544548091427	-0.594033362409564	-2.0153583728304	0.135013971904929	0.435628324715671
-0.825724688062858	-0.432982537623917	-2.11592778075211	0.938561840278851	-1.76631989201707
-1.77707950906448	-0.633959473717445	-1.45471247461533	1.36293881669065	-0.806465966525794
1.29131315870424	0.285204361126855	-0.640531060320923	2.14034789810117	0.0587378107514915
-1.08662296651438	0.242855923705957	-2.97426309772865	-0.184875254396084	-1.98290387462293
-0.0535343392499873	-3.30668347029196	-1.46144270190248	-0.0254654540719177	0.790715105226266
-0.785007606356308	-0.370556546936511	-1.91401498954262	-0.113578197997344	-0.842767066581634
0.686100386556402	-1.42851227432421	-1.77190251527566	0.925499828394822	-0.511534988405372
0.177554006408944	-1.83520785392195	-3.10782384445363	1.87638439690553	0.456358078633896
-1.97003831737842	-1.30133345205644	-3.14932561999002	-0.720662461388576	-0.86174069068783
-1.02806784370392	-1.78257206203311	-3.91097396526495	-0.650266585047615	-2.22686572488061
0.26600908890354	-1.8106120222871	-3.24595390152807	0.774604563842085	0.571898459923666
-0.984794220357055	-1.54542922135922	-1.45529031649984	1.23127819093527	-1.73363299210009
-0.653704488359293	0.0464535056520152	-2.73914708248663	2.11272362287783	-0.898294661698793
0.780017561672716	-2.38096757877454	-1.3000888690893	1.40275908336414	-1.50732314002148
-1.0731006275875	-2.08512843140545	-2.51594953100674	-0.0197964524735503	-1.43085743187704
1.59005138143349	-0.298243567897595	-1.24934761739342	2.09269975832831	2.12103659711291
0.235848685385907	-1.4456012191855	-3.24713846394629	0.911170239391298	-0.987929971424275
-1.42369227573199	-1.21348228958192	-1.72365373080515	1.13466545889326	0.525487439564147
-1.16797460482965	-0.700912258481419	-2.93610292912914	-0.0463373470532356	-2.183863258339
-1.51626104370331	-1.55287423012743	-2.352069874733	0.362079354456314	-1.07159348966615
0.296262399595151	-1.95615499432637	-0.388964641012248	1.47333222840932	0.415564685573022
-0.888810766092627	-2.86595957258388	-2.34275032943455	0.751261349733163	-0.10781917614574
-0.148031434971844	-1.52377526304759	-1.74927113140074	-0.0659529807025235	-1.33719253845731
-0.62634012947334	-1.04331884311876	-3.47258022397511	1.18395814948123	0.380745081762551
-0.571511725278196	-2.49847357460024	-3.6553074999337	1.46148096807408	-2.12569332393746
-1.00035353120769	-1.61762311674997	-1.67957914869068	0.76221873106816	0.514716829513339
0.925060439051209	-0.115619105449404	-0.71187233927791	1.52091958484485	-0.0641566808763993
-1.46149337643462	-2.00614729212922	-3.11337643757717	-1.67637143841345	-0.651061977385736
0.48588134488721	-2.41124941057524	-2.16528939980964	1.82001149080225	-0.872637797964667
-0.195166010287101	-2.16973599689322	-5.03903539786495	-1.78577064345608	-2.62152540086579
1.50344311579793	0.834642681411254	-0.377630901505033	1.81156260406245	0.356206077279258
-1.77700311221463	-3.00233791376205	-3.94198310153966	-1.22113168622084	-0.935004487984688
0.441405214191016	-1.05204754065811	-1.79598645757643	0.390859292830053	-0.111869819541587
0.189170537211699	-1.2149091190472	-1.50659264119612	1.93923648175553	-0.518832032014216
0.464863088723237	-1.59608673236464	-2.14176062933909	2.93829938574245	-1.4181936297996
1.41416391363566	-1.21657604638853	-1.18810774559984	0.126287214874367	-0.474305109665439
-0.115873474512717	-1.52499739510165	-3.4096767228941	0.537916124739154	-0.900011412981738
2.01479177105822	0.402047778710516	-1.51165771721206	0.606055878522309	1.83334201570499
-0.939087948287531	-3.04108749074193	-2.37113683622799	-0.436679475413259	-1.93321369918678
-1.26472551941839	0.867674502527535	-1.81881788612513	0.638219271269872	-0.352284399504129
-1.33121993663355	-2.01300460870899	-1.35256539124603	1.52153671502772	-1.51703374289786
-1.1599323376971	-1.67620201017798	-1.95129196816842	-0.140494900534524	-0.50724407700488
-0.392449113586454	-2.45069998603528	-2.98672429826959	0.703709986581014	-1.33586568061473
-1.69375299832657	-2.37722192833994	-2.99268903920502	-0.548475761478894	-1.87477721611556
0.30648912411162	-0.434546069812169	-2.5758609682127	0.237890474252154	-0.513791292892108
-0.202354176473859	0.391444522570352	-1.78559757188186	1.50680195563679	-0.27892132646048
-0.637707815500061	-0.540547437631856	-2.66593063374688	0.147334788907238	-0.720764043469742
-0.511601542908033	-0.249048531715648	-3.40116748407236	1.27376201207021	0.74389539855599
-1.25687255688326	-0.717087863817092	-2.46363184887364	0.32257452846151	-0.396487602402574
0.296749061328474	-1.62655287036593	-1.31954421606267	1.79934577500031	0.198064301671883
0.682132762837298	0.401506413517497	-2.20040975131215	1.79455232665228	-1.32780180103522
1.24605663204421	-2.07903969931811	-1.21166920112951	1.91131627737981	-0.174372595347964
0.509678475886289	-3.28390432069769	-2.54352649321166	1.308611021388	-0.958426843721188
-1.23542880365785	-2.41230208232291	-2.83668365541068	0.325288208082617	-2.08726627720876
-2.37198162253023	-0.873806581474952	-2.35010524511459	0.983998141862056	-1.23677321002819
-0.34202647260834	-0.338310156464122	-1.33375072747533	1.09884185517407	-0.437318200257758
-0.999249959822043	-4.15322217555989	-4.36837226897345	-0.382400696371128	-0.601072699526502
0.397925564252466	0.055865902056571	-0.775397871944584	1.64447688725886	-0.0648838326007443
-0.43835541941303	-0.642911647530893	-2.09091221172216	-0.0117180343596108	0.263051125940783
1.83109524523989	-1.26136728570259	-1.03753633549109	-0.277860010829	-0.783075987947429
-1.1358966676523	-0.00991205482780888	-2.4145830469681	0.183994563949145	-0.564080066193484
2.1339526983218	-0.788743680025394	-0.336817042856497	1.64620609748727	0.538682249166122
1.10495819525874	0.471789557094279	-0.566446629005239	2.77856712690703	0.729964726343862
-0.718267118885617	-1.61520714248168	-3.91445021198732	0.390803876457551	-1.06011429147827
-1.76780434006895	-2.95828545686594	-2.51480380161266	0.716109331734974	-1.6446456739728
0.52676772702874	-1.46686685732234	-3.12389361234336	0.540480459979754	-0.313387143720507
2.37213070445064	0.76141547574417	0.780533297748843	2.30287159891468	1.01988101616202
-0.944500548018563	-0.209595400991599	-2.97144465511976	2.63152108555745	-0.346985391837923
-0.942981786304974	-1.9279921111649	-3.22377158233704	-0.303110448737785	-1.66216485403142
-1.31997054953443	-0.517559113986574	-4.26486268377957	-1.13817085411592	-3.04213808478647
0.757341331729582	-1.4745568808324	-2.40960143593574	1.31984007389788	0.72026253918885
-1.40288975597152	-1.73549879340768	-2.32519759290449	0.657355559192224	-1.21726552989953
0.0715589257890324	-0.319462416243956	-0.207731443735025	0.504158461261259	0.589023771798149
-1.05114683488077	-0.768111627082996	-1.81310449612213	0.0222778413745264	-0.240849483511594
1.72711488623408	0.0990872137478689	-1.62194394243461	2.58215637799594	2.51109703848207
0.327426632404434	-2.46949099922736	-1.61753217083001	0.367028091647074	-2.01619762096474
0.942769133626655	0.33477672902906	0.505810492318338	1.00655923091632	-0.478096484572224
-0.103581306344103	-1.06399706890155	-0.41910333948454	2.39170721586245	-0.593531442389258
-2.32246838382952	-1.49045322455675	-2.20588224814964	0.572443148842665	-0.839158467954099
-0.0140518764157999	-2.37792928305122	-3.98713872157622	-0.428190549181866	-1.61624307000802
1.68514196068244	-1.03140641866696	-2.33358606352235	0.00376521061134405	-0.528893210060306
0.20075470740881	-2.39465549206377	-2.50666819599456	1.24532244133095	0.832455180349272
-0.349620674689103	-1.42785366273184	-2.68032012712711	-0.317972582746323	-2.31969508730287
-2.12446378298689	-1.08386050592048	-3.26863833030047	-0.170111840252034	-1.57543369766057
-1.03491522313567	-2.01262878531936	-2.41540678864733	0.24226305689943	0.548772374378262
0.0327632369433167	-1.71359441073653	-1.87586465358806	2.74549997904577	-1.01157474038566
0.0191152962734074	-2.20482469162753	-2.67001093847239	1.47352545728538	-2.27068636422447
0.995423369303522	-1.47342285640583	-2.52140965691866	-0.383812151479034	-0.183638904407624
-0.859067275969026	-0.419346467401478	-1.23111160454074	0.703121703501228	0.327340133193003
-0.68331288924601	-2.19253056400737	-3.25355222085147	0.56097155599071	-1.69242258421227
-0.882732443453294	-0.989734817193297	-1.77355547469067	1.85012920313692	-1.39607831312449
-0.326394512779529	-2.27883497874984	-3.62205150398856	-1.22122951055561	-0.0793697747171873
-0.398007593408245	-3.05458367113919	-3.46377002682206	1.2875569257122	-0.567118788263949
0.661408633566152	-1.0109042349843	-1.36100659788546	1.56418699314909	1.18128865410623
0.0176358201830573	-2.65734587598683	-1.70850454449664	0.81815003219537	0.5012834776883
-1.28683606033287	-2.15097112767331	-2.54415521892313	0.251844063366247	-1.02961719882092
-0.585471569159492	-1.07918428037328	-2.41601199136601	1.71807867012968	1.06572280787845
1.69180571503378	-0.537926947899975	-1.77282500601366	1.12670663661077	0.141082851233415
1.07736919762319	-0.486132613242891	-0.760226618981211	2.04971509695835	1.29537447234629
1.14890886189935	-1.10997602083395	-2.05021412542173	1.16481440128343	0.470277887535158
-2.58654704189963	-2.16683323001315	-3.7424985729118	0.452577180548631	-0.797899303641915
-0.255593090805105	-0.201831324660975	-0.417503180482261	0.544995322380821	0.803465733964621
0.681951576214213	-1.27717567333068	-0.111961716074582	-0.114262954751005	-0.466611398904388
2.4194703042474	0.154007866068573	-2.13206212004635	1.3223653111361	-0.70647581350598
-0.399712283062401	-1.88114675444613	-2.96050918231731	0.728812685846313	-1.81948492554382
0.788383061331753	0.172873310705877	-0.574235428534016	2.58461603265718	0.589150125970978
0.870155020713566	-0.766139080663502	-0.221893302867691	0.228588215418448	-0.0939443487427444
1.0846563393241	-0.597112399388733	-2.1368035948728	3.06634148421178	-0.886509862349999
0.359342460662446	-0.17886550236674	-0.643151329771422	-0.346522728032521	0.737539035653053
-1.18264449480559	-1.8540961637681	-2.79282431868267	0.583734218418661	-1.85496318461943
-0.379116607048458	-0.334000238472286	-2.29565741462899	1.66056002826933	0.260088305635606
1.04637355999724	0.660202743461598	-1.33459140060436	1.73064882295133	0.901298156039159
0.144299064637819	-0.184472096990075	-0.760983484112991	1.76841603009215	0.539742889892955
-0.399326418778064	0.999646868039845	-1.2447093061749	0.662937719554911	-0.423255671007107
-1.35342909525944	-2.1709363381588	-3.38596378326517	1.27262419149134	0.633318636184539
-0.366976327428201	-2.61785885359259	-2.45844975901832	1.72466190582588	-0.728073475223662
-1.15317042242579	-0.394110304027342	-2.66097417685244	2.20713004891699	-1.44576788384154
-0.186553009442065	0.198310069332811	-1.38627221845143	1.59520320213066	-0.523501566212867
0.158381969088425	-2.45539009233012	-2.18346676330529	1.39045271952554	1.27403544532115
0.632658264987242	0.0244948604445401	-0.770367755881489	1.74443774402096	0.826033378599498
0.336054861763592	-0.208567100498221	-1.79591615660028	0.994405561271768	-0.605617036472746
0.575291166652588	-1.44692924938106	-1.73537880811276	1.06247906691427	-1.1112852956465
-1.18762273966432	-0.557164242748309	-2.03074517698493	1.27664517227858	-2.15012947513806
0.516108516319496	-0.373565026794035	-1.14333665299129	0.107588586349178	0.612508725464859
-1.20270408143152	-1.72337507933806	-2.58758102860144	-0.379746041544188	-1.00602250541083
-0.678715511012332	-0.527799171439627	-0.409734680068069	0.635195459090663	-0.357098758332044
-2.3381117702114	-2.46829025364061	-3.4605996076598	-0.97612559116823	-1.17616610861044
-0.70093913028124	-0.561243729928783	-2.90616251492024	1.10396482242645	-0.055392352983602
0.988588422196014	-2.11282080885536	-1.10821929398419	-0.447391678831885	-0.030820027689064
0.892963163813834	-0.461229339458238	-3.07484835449645	1.52625212589569	-0.888576909751187
0.134661171936539	-1.3305892222106	-0.763082527078684	0.638296666870343	-0.809283387023726
0.114249615554461	-1.64456829973657	-3.54820676795204	-0.344838806282163	-0.618184833803308
1.86194247706358	-1.45968759916108	-1.12272254361468	2.66592302361083	2.06513363082306
-1.79792128409086	-1.12918211546632	-1.95377988732973	1.23473900178548	1.47695219117601
0.219228794064737	-0.00727928192887184	-1.72918679886084	0.757385363283066	-0.696138256070301
0.409039549698668	-0.535777978148538	-0.401359286166644	1.74609850656812	0.105009928638392
-1.27195875709029	-2.42577472308669	-3.09048024110681	-1.01054863029964	-1.39117095643148
1.30933208134313	-1.4014173558246	-2.47057246562778	3.15505219664107	-0.68160220460516
-0.503622912151736	0.453321581008606	-1.49700284832525	3.12867902902494	-0.123631055170931
0.416072587913252	0.214513325580282	-1.30933489815276	2.9605338995442	0.679247318167391
-0.529693479594413	-0.896763812889147	-1.21652246287859	1.29245856532397	0.339971970445368
-0.204379892700436	0.0269446074060746	-1.98615717832487	1.90142546151889	-0.858053192548244
0.0621159930549081	-1.32769864317784	-1.08095762313028	1.79832040038202	0.972048680985766
-1.16991154884766	-2.43253402708888	-3.1803292956085	0.649465410513988	-1.9808303278042
-1.09450445202642	-0.423567342895158	-1.87190509695573	-0.100347341107756	-0.414041209287151
0.584046419118841	-3.23237588582505	-2.3737314634933	0.00687296198618392	-1.01158178946411
1.02916726537807	-0.424950378703345	-2.11224657880073	0.730595468177784	-0.505040941255359
1.72019124373694	-1.80882780259668	-1.96637772050134	1.15594820348912	-0.703733654144396
0.27522310445858	-0.00377621513985016	-2.29645308863891	0.331606005940256	-1.51514558607439
1.30797465734754	-0.0257798623943459	-1.59309904029621	3.13551617448805	0.368099603743761
-2.19193284141555	-0.988195723125583	-2.24503051047062	-0.0931304860893797	0.0548185055744472
-0.572803877600956	-2.29652215228976	-3.1723349173025	0.808759521915703	-0.860240174922332
-0.512952565217763	-0.164352321957203	-2.48838214052357	1.42956961701299	0.397283125359247
0.631275156186758	-0.464129707659855	-2.28535065573099	1.36296549825979	0.967912352781113
0.854512648125369	-0.831623476606966	-1.52622841546446	2.95297056200731	-2.40729349456487
-0.907120935620944	-0.823591356501862	-2.34750446507701	0.623551921262929	-1.96391540973816
0.856640288083151	-0.7624938715252	-1.80104862614945	1.08040783385632	-1.04850600093113
1.43410495820082	-0.737178484951801	-0.976801888685128	1.37343832829515	1.03373288173875
0.0520186977812083	-2.02064237349697	-3.05088710148264	0.776124259339109	-0.370586231686919
-1.01225601348566	-0.948957795780981	-1.49724192244913	1.43160823741476	-0.218685469904602
-1.33098414611161	-0.94766787452949	-1.6053845025831	0.397065599367514	-0.460165674725379
-1.70423276648254	-0.579214623097013	-2.76566769313405	-0.483761746743174	-1.99117604694781
-1.75713907785138	-0.704934616059659	-2.92806366467946	-1.25791162270195	-1.4106901349754
-0.968693403720737	-1.64960434373786	-2.12419037367875	0.143925823694388	0.187726915127584
-1.06545255242203	-0.466591649371608	-1.21040301269202	0.232924226215429	0.355229538622563
0.791365599392873	-0.768624508354856	-0.763902573214414	1.1309278840839	-0.943451615235456
-0.427836537225005	-1.69510384001389	-1.63781692828198	0.235710095778912	-0.0416875117302307
-0.829343663911413	-0.783421776154312	-3.48447356806976	-0.198669545309421	-1.70861864869034
1.49069315758383	-1.6620168676637	-1.16327360759322	2.05684505773268	-1.16913056746359
-0.0863359877832519	-0.951057661598244	-2.53061686567442	0.128115524057889	-0.847821121447933
-1.06547911087215	-1.83580786144665	-1.58636642113594	-1.11267352720492	-1.45530353513471
0.532683746741652	-1.57682196865299	-2.28621215061879	0.806764843112322	-0.697574373366538
0.405000873131141	-0.394701276703816	-1.40106299080599	1.29816648184321	0.363515089714248
-2.06205253475986	-0.981834716847881	-3.01463918791009	-0.203409834285533	-2.06336120427106
0.772989990910663	-1.42962437598238	-3.0673700665508	0.967898942567748	-0.184712800893698
0.470537956873999	-0.661457642821129	-2.59395117935591	1.31035494847021	1.35840516620679
-0.778969872093539	-0.780136997442665	-3.74132956282854	-0.903348373439105	-0.621899535365369
-2.29609848266003	-2.59634925518316	-3.36789978111054	-0.668777180969304	-1.79166522295645
0.804109688123605	-2.98901325748024	-2.74264549033635	-0.154476156703671	-0.0364700858648891
-0.511398792559806	-0.67866975275004	-3.12880734832092	0.28459612858347	-0.297848983492181
0.385041568559008	-1.27679709534917	-2.84944498142434	-0.461538358390852	0.287629631490882
0.752940413444987	0.121027567172949	-0.607732598580736	2.25815522999004	0.930944784462843
-1.45947731158849	-2.54871069786191	-4.51436514364219	0.00852941236598936	-0.584294367273175
-1.52297741548656	-0.665059920821324	-2.24376074456873	-0.341373628475149	-0.883432266751965
-1.46884969072939	-0.541520360224869	-2.9107242817876	-0.187344221448236	-0.0546533566730287
-0.154821799231407	-1.07334481188374	-2.37014859131283	2.80018287887336	0.0112359901360455
1.45330554802785	-1.06490298081627	-1.50205611845134	1.54004227900457	-0.375718067185058
-0.420585439425168	-0.944759027464663	-1.45023650066248	0.83594987931994	0.114943255208167
-1.71320251223028	-3.24561261209074	-2.02081436854812	0.0977291327323285	-0.295682199475131
-1.5854212122928	-1.94617493129014	-3.03830450082753	0.991095050472065	-2.82997195014606
0.227407079256284	-0.875426604569718	-1.74549733910039	0.845496406188634	-0.876001349610456
0.434981667676202	-1.52755607920552	-1.57689764952	2.53084562553188	-0.59389914470585
-0.572114636936566	-2.61109304812669	-3.79214082905751	1.13339414680696	-1.0845034175056
-0.914338105411598	-3.37150551740947	-2.99197283556202	0.311567104746896	0.734967607276081
0.72833961486516	-0.7933223671788	-1.2593901753893	1.46750148887146	-0.124959738344711
0.67593326125388	-0.377068335598153	-1.62687040561892	1.69691061384838	-0.801750161479147
-0.702340135115258	-0.695300170832445	-2.09210858911368	0.00843818505965066	0.328905205327008
-1.01867019534739	0.312446485047483	-1.73071080781581	1.61421209860802	0.924431494690198
-0.8381742511998	-1.86846678772966	-3.22271217968109	1.25564339875194	-1.5967939539061
1.19609941032533	0.205165851047309	-1.7661346607097	1.22168501290185	0.72589746575696
-0.890608360630773	-1.50750686451857	-2.50060725108284	1.04107770309529	0.0186721701515514
-0.453748669614999	-1.72675292757561	-1.77424910818501	0.261829260937497	-0.069980504640432
-0.473243958711033	-2.15990465509918	-1.53906262718908	1.33548454249152	-1.19986543796429
1.67969266966306	-0.883876699694134	-1.48419796829799	1.46584298496016	-0.410371257096934
-0.286803580659765	-0.224728333605411	-0.901664543714256	2.62190892124258	-0.0733597915856778
-0.38504167045069	-0.400262401495234	-1.31738479470533	1.32601763568415	-0.56709587633753
-0.966728655203967	0.52530777166092	-2.21847063947811	0.938947846916083	-0.519708418213658
0.354225906027216	-1.15258280878953	-2.32275598558059	0.044620692484171	-1.0404791517904
-0.696755914794951	-0.915779052978025	-3.34462159474911	0.915851461222602	-1.83866444759837
-0.759740484656978	-2.34513249346907	-2.99548727810314	1.2171810761534	-1.32579808792283
0.399261228632944	-0.936511168993319	-2.5578028298956	-0.225650733158677	-0.852242268343563
0.715822250608705	-0.609257904569449	-0.535759794846984	0.928700551699844	-0.516733644174094
-0.571592857361725	-2.2331547156679	-2.71399604136676	0.673644943343259	-0.585596017167315
1.1060060926396	-1.9797021799953	-2.32292336612816	1.14224342238528	0.932923337897604
0.278015769463481	-1.54284506717062	-1.72780553779903	1.53916988800903	-0.228440564427186
0.0597226415335406	-0.233823296330556	-1.50213683613055	1.83377879707493	1.15643700832624
-0.0423557645117094	-2.05782653827198	-2.26816757070771	-0.179030558309041	-1.94409922487631
0.969087291487809	-1.53722767580436	-2.45922340306003	0.11471760281919	-2.0246311397752
-0.948906783958609	-3.14612259815981	-2.99839966527556	0.48271836280479	0.0571786880920649
1.23183799232372	0.458124725016006	-0.930671105806514	1.81879136316086	0.560046152281755
0.0126061086086251	-2.05622850362679	-2.56095455529952	0.868372934390022	-1.572031357023
-1.38127829322918	-2.03418984255064	-3.81429870817155	2.07596078329768	-1.62143213392591
0.975366919847522	-1.16308458240274	-0.360678133917411	1.36505498164461	-1.10223065509956
1.05307743816673	-1.82516088402996	-0.67437540594088	-0.635080657082926	-0.511890707009762
-0.262598586220951	-1.34397503374975	-1.68146549117826	1.56529238658684	-1.05116214573145
-0.404868220231304	-1.03416199974975	-3.36434322917171	1.59906814822561	-1.04206169208306
0.59073000210634	-1.13907683194911	-2.3242572559419	0.877451545837038	-1.58719250132446
-0.677060794723286	-1.73259030335528	-1.39329463857364	0.395418809806792	-0.72638910734806
0.141477527615855	-0.489374499463538	-2.02679268329288	1.9793138682092	-1.11920569620095
-0.906641262634047	-1.15269440711103	-3.42592723805887	1.47893579706186	-1.3892287430982
-0.215719479392105	-1.226667067385	-2.2258483698563	1.10516790713921	0.649653309971018
0.611052319220319	-2.0989364845162	-3.1363050872494	1.27486276999432	0.946139014534559
0.186618770666234	-2.08727289657731	-1.31136055235061	1.22255196849106	0.0177894735038784
0.928284762186631	0.809183900387889	-2.11765625534292	-0.299049792597848	-0.779287451507186
-0.873712720810185	-2.60424849957691	-2.98508010019392	-0.542774288833096	-0.658000999449418
0.323403975401415	0.236143638834819	-0.654802727910243	1.28633414220236	-0.630508204008565
0.552075077171079	-1.68622388533968	-2.74632429886721	-0.882043623214891	0.339405786481278
0.66393295233786	-1.42894300114811	-0.285158889024645	1.71695064066566	0.796595033685481
-1.68230147778246	-1.97517936384782	-2.45645571677687	-2.15492780616549	-1.03530128688942
0.631845345463722	-1.3394607776212	-0.309762577711074	1.38303534649097	0.865191978228743
1.43559456822472	-0.562899832405651	-2.15608007902082	1.84263278491409	0.447728373373765
-0.96041926314295	-1.47498851112047	-3.73630515953884	0.885555364115949	-1.51258413848939
1.23848699436871	-0.326834647742177	-0.922348775837216	0.139340009514194	-0.206096715397157
0.368808515495443	-1.13400364505872	-2.11598233582583	0.396014006787397	-0.41692281732866
-1.79855137407727	-1.71205487487784	-2.02324976605418	0.788383427408388	-1.9535020437671
-0.768582373662614	-1.293144082587	-0.944751052174669	1.28543696364416	-0.975940987473316
0.290406717693154	-0.255384360541345	-1.78134705567095	3.43844583988856	2.26664827723576
0.0549055554292477	-1.43443193290907	-2.62505821642101	0.428644815009542	-0.228047101971174
-2.2969139204779	-3.20977542511896	-4.17384132355585	-0.204057911377183	-1.09821211062948
0.886694433720547	-0.198139502726025	-0.717333733352436	1.17485972067119	2.15006780356544
1.98974575781066	1.35114772141609	-1.27907426392867	1.62972712650521	1.01293456537013
-0.338109703852646	-2.69174051582108	-1.36113217875179	-0.228427245243633	-0.447333362043799
0.06782879044063	-1.25541786851137	0.00967754372774454	1.54294907659073	1.83123945537839
1.55976431634075	-2.09910541218548	-1.07030464941718	1.39483311399073	1.00911958990511
0.217747834936837	-1.82109763027956	-1.5037480634977	0.474182774308096	-1.48347910656008
1.18042458867176	-0.792299755972771	-1.7277332772588	0.821184058062598	-0.339114500425216
0.492180381311774	-1.47699399542211	-3.04469869320838	2.49178243524373	-1.3168489063362
-0.441879217740445	-0.523372942345794	-1.56871884673874	-0.13123841697943	-0.433927326775928
-0.655092720189617	-0.0818221495054325	-3.54720933091303	-0.638522894660571	-0.00619354521361504
0.111450959393309	0.554647154910882	0.0177477165671363	-1.46139177589587	0.9229627006746
0.461456010451123	-1.99839330780399	-1.60161456706071	-0.319491063689207	0.623755858234535
1.82137410680661	-0.987672265955891	-0.920812453785626	1.18007214977297	0.359317438742965
-1.60447195683848	-0.949181732939348	-3.28105367705422	0.758672440950763	-1.14291203694341
1.46774310692721	-0.895081719220039	-1.8143987682837	0.466763561003842	-0.143415195043889
1.69681857785542	-0.352273982012698	-2.03818411222351	0.243396321076765	-1.12432478962693
-1.44625800345712	-1.28244203771654	-1.96128638519819	-0.248401935647864	-1.60596084075723
0.0267931801811505	-2.47340974480659	-2.21289668623935	0.330869868061731	0.362265166763649
0.0966009298455497	-1.17440884232985	-1.55203323573359	0.946133506800371	-0.448110899120798
0.236169594807473	-1.93942283319961	-2.5450571221992	-0.17235979504441	0.113917795409402
-1.97503372289707	-1.5842144048349	-3.00007649167062	0.0017936935196714	-0.928732635330431
1.75743979171538	-0.942589352073949	-2.27786373988905	1.26131655385759	-0.629632630626717
1.00286460367723	-1.65567699144596	-2.29548028840005	2.37521764417911	-0.80493727774064
-1.01048082666684	-1.14979473102552	-2.50009777272836	0.239913601286791	-1.93966982341486
-0.194150053883624	-0.855323841324477	-0.91780718659524	1.69677165304478	1.2928668692896
-0.971268046659392	-0.189506895002347	-1.97066573147576	0.221860639403817	-1.48709998977794
-1.16008547161331	-2.37811744690407	-3.07427086468106	0.413420590979075	-0.682622153242103
1.5675114853942	0.200520638621964	0.284298117406566	3.73863959086323	0.823991361815033
-0.420757586606491	-2.25522863467419	-3.31338512665567	1.61018949337446	0.384411507331022
-0.377042382860446	-2.408833613963	-3.64557990010716	-0.799034502358688	-3.13441245162693
1.09342015606587	-0.765422205336451	-1.35497479468223	0.744598952578516	2.30583384965391
-0.569874567035075	-2.88772843280126	-1.99208034219003	1.27406520680986	-0.752333107128474
0.323844620054243	-2.76790353963729	-3.65707947724315	-0.245182776428195	-0.639587042841696
-1.15292780609019	-1.64885023692204	-3.24301600336592	1.73349233905223	-0.84755747639211
0.164068715194777	-0.0216340653201634	-1.21709699059452	1.2547851513578	0.298004814310962
-0.849817101366023	-3.86964091425266	-3.76974332218013	0.546363023773308	-1.17940556102861
-0.0603915933425581	-0.523155431135477	-1.53450770147595	2.39678928516347	1.25541758564433
0.529018274467845	-2.23844783323297	-1.14557315027037	0.914136036460127	0.663968052276473
0.67765900485501	-1.47612120476802	-1.49099828491458	0.363241134933822	-1.64725188945556
-0.13640543078832	-0.396659030298201	-0.524588978440436	1.66777050668434	-0.349290426559769
1.33757309350277	-0.770970215103613	-2.20620191865774	1.43364424681446	0.174667199872222
-1.28869824582269	-1.44003884667852	-2.7947321428811	0.0823571448937735	0.0344938297366857
0.645529035321019	-1.45481718646021	-3.7962249484125	1.31418048061127	-1.21887736867509
-0.267495180166928	-1.66457725082537	-2.83857237176579	-0.514119762329797	-0.652069862697052
0.424908689268136	-1.29090191975031	-1.96008388105656	-0.568859699035805	-1.29543504800215
1.12240699306087	-0.539701147183778	-1.17906611823309	2.56476889569983	0.80441962351606
-1.74347376628827	-3.35109727936001	-3.2639493125609	0.249132521726849	-1.14829731643606
1.60652122158563	1.09515524575302	-0.246073806562054	1.94020690229912	-0.176563046914207
-1.27058666443971	-2.38694291615308	-0.94829681424627	1.46489911944209	0.366644928597285
1.74413749759616	-1.17072176415307	-1.96585902837777	1.10425747531051	0.557020612942656
-1.48473616506734	-1.85407182306607	-3.25834481718934	-0.5061534192528	-0.894603413055836
-0.194466060739037	-0.478410960344717	-0.126276078752209	0.228327885353725	0.296313515685935
-1.02511156255868	-0.739518040364423	-1.95957189250792	-0.604548883501957	-0.430275764885486
-0.849999933360665	-1.65967974021661	-2.04880603825849	0.159595485149687	-0.353720386460786
-0.767351030868937	-2.15838923150886	-3.71096565375987	-0.651204649068215	-1.25538428220903
0.0688114895666093	-1.35838776152651	-2.77596332193785	1.55950057658704	-0.749300485399863
0.742927838022155	-0.675797250608415	-0.865662721323435	1.77932592017434	0.235261709532259
-1.27199647426045	-3.15414140341147	-2.49787764622718	-0.21284004685935	-0.662445568827395
0.0595204010667814	-1.67168348298698	-3.15853546459131	0.564699887572093	-1.70822129284447
-0.89358540887744	-1.57742580833581	-2.02453237293781	0.645597801510237	-0.999766246485351
1.16914784885589	1.39438771824968	-1.41691016814571	2.2558709312686	-0.601311776088457
0.895218342016004	-0.175494972413546	-0.761445437959976	2.01161612775803	2.44001450368851
-1.78916170739357	-1.27606828438261	-4.56631039766907	-0.416120096325223	-1.66637528750895
1.85349293172319	-1.16528647890128	-2.37898704782779	1.35318110892261	-0.982292890452052
-0.849842119787422	-2.34512074423542	-3.5551389850232	-0.0184887373802263	-2.69326398960522
0.320836128368389	0.384590768926349	-0.684269195863331	1.95310054606755	0.0602376928797836
-1.09568780448215	-2.36454285885739	-2.73560757652594	-1.90632232159419	-2.04142743060384
-0.229532657222424	0.751201380988102	-1.81691159020622	0.632601232388602	0.518391096875566
-1.07272352831888	0.047083802033399	-3.33548664761322	0.633075094143291	0.816446870812596
-0.413985579843563	-0.244462582561673	-3.42643174275756	-1.30073689585725	0.316979240344812
-1.13037353573468	-1.81953972455971	-1.29132521634248	0.876987078238114	-0.817915403629743
0.196258578400977	-2.2226744054139	-2.81303807154885	0.755417722277431	-0.795633583373005
-0.632722312378954	-0.780168305178566	-4.4374052659381	0.777910316666805	-2.1081120600348
-1.03962198645217	-1.68732133381138	-3.31734591920787	0.123203949979985	-1.80514904712764
-0.742456892094707	-1.82152035541257	-2.43829377394846	-0.608627597613676	-1.35196868108315
0.690650294668141	-0.647569650936124	-1.62726949307759	1.56190289326843	-0.71544294832396
-1.15529908342485	-2.37142248617061	-3.82021516956083	0.137948164553629	-0.832115189845433
0.78891164898127	0.593209506291394	-2.27540039654608	3.16136286102323	1.30729395703624
0.709024728124102	-0.952550802384372	-1.42130863612641	0.977073236075839	0.432978990384069
0.232679879242279	-2.19672817857891	-1.83167506362679	0.221480606094648	-0.181480023665992
-1.04599062465436	-2.38526866846261	-2.04984051926244	-0.0434849068050306	0.0252372839657213
-0.854062738072806	-3.8111325013588	-2.76581383087934	0.0232382997205145	-1.00447767240365
-0.287269765057892	-2.88697437250805	-2.50538182854856	-0.145012766936055	0.023553906842435
-0.452121779659909	-1.52525178789175	-1.17095468476767	2.98562642444219	-0.0906845979095992
0.563093317518818	-2.8021662741312	-1.76745347393844	0.484659353010915	-1.34419078275178
-0.532392664617171	-0.0181700974252956	-1.51852320838051	0.925160643856306	-1.59851759864436
-0.399226916188797	-0.693997727942954	-1.06686462600044	-0.182187734688402	0.318764728546601
0.65874708931474	-0.289994408896163	-2.74982779240484	1.81007365679639	-0.248152888636169
1.10619686342648	-1.19864241779448	-0.464940974339963	1.05888841253613	1.62877588581712
-1.02315335872401	0.336867701243023	-0.376987517037049	0.688248618774669	0.117411137281612
0.553135849715115	-0.895621084569571	-1.46062388571403	0.369876353904592	0.0293466351871906
0.0291607570220245	-1.45021920155183	-3.26410106698131	0.18131914764834	-0.568621039724161
0.0308018415490382	-1.90046618371476	-2.66592638668764	1.24369426165785	0.281384113196661
1.49748601858283	0.997477883169343	-1.59297005739485	1.03336636783367	-0.0859849634559445
0.832599606131922	0.32409574721823	-0.0257617348138615	2.93155454280589	-0.604931848434343
-1.022931582985	-2.09161173549267	-2.7923485488764	0.924282944639356	-1.57065216746885
1.34867975834053	-0.500117052445058	-2.98280971124402	1.62926399994321	-0.416502127518724
1.38634965151562	-0.555286942720884	-0.559288773092905	1.45627830798083	-0.0924765801786323
0.286559592429334	-0.73428695892771	-1.07496902466844	1.81157089136605	-1.61419834708826
-0.336108285591242	-1.89837992398348	-2.68176122348834	-1.38967006924453	-1.0994584985509
0.263157667062526	-0.622437796306844	-1.66949831377328	-0.605316095283859	-1.8716160049243
-0.26239117481838	-0.960100016550142	-3.35116572118382	-0.511289555235171	1.01916731347977
0.395037456475759	-0.896845070647156	-2.10952818345879	1.51087401663265	1.93318251266488
-1.26027586663792	-0.554853360866263	-2.73012966553456	0.254716570228502	-0.338969745569816
-0.771180112714703	-2.16023791212482	-4.02277790337099	0.110350657028901	-2.0490964785005
-0.112824916561328	-1.26649868616252	-3.29578455654604	0.542166577636373	-0.191550528309404
0.044033207889726	-0.12651453573098	-1.85804409525052	1.25284036619255	0.822871874596271
1.61502275877895	-1.34421989091175	-2.18784680342604	0.582021256537036	-0.178703805515534
-0.200481450376753	-1.77124334371646	-2.53476437593515	0.700301747777616	-0.904428434845614
-0.123810331544599	-0.0428938673738348	-1.83832670429349	0.0130561674629945	0.641899064444542
-1.00631814644686	-2.65526609706652	-2.43488916503914	-0.196488417207451	-0.702119094134623
0.973483208047135	-0.852774957211268	-2.12567802871834	-0.347622753838404	-1.73529592032176
-2.56456274493438	-0.0645546022483487	-3.41423926314028	1.03181451111772	-1.96915603229296
0.744996473705036	-0.178264963859636	-1.28857811671317	2.6215092246716	0.599042439175424
2.12576970849694	-1.2679350348031	-1.55057696784261	1.36433089212724	-0.0803461548322152
-0.0148549898659123	-1.96405130276912	-2.84130344547196	0.38679996947203	-1.01982184189321
-0.340729914540687	-0.74391888087601	-1.85231611376682	0.779828864535351	0.601667363064707
0.508320910719059	-1.4008261673551	-0.505729089730053	0.922156839768983	0.966668482491887
-0.110350281585317	-1.3706567582921	-3.07232715715837	0.210207459085338	-0.113176329755649
-0.840382736530408	-1.38193076931256	-3.07673025436314	0.300837492309963	-1.4444378882053
-0.886177309676639	-1.63009523271058	-3.37388633416164	1.559416172474	-3.93300247102822
-0.422813519313026	-1.02887638075846	-2.42208936154417	-0.290220296739684	-0.219971491731618
-0.393370319925042	-1.3752651958218	-3.40682934978468	-0.59637296970291	-2.32442219138409
1.64396357681003	-0.181215778204612	-0.889592633564107	0.316526969555328	0.430955204103988
1.85844734095611	-1.73388596393235	-1.62208555129096	1.89828509655161	-1.44216588573999
1.27218301885952	0.292861694846004	-1.77403374886919	-0.330349133027976	-1.27808181363459
0.208718415727501	-1.59818025212901	-1.17027427180031	1.22632278813649	-0.918088273940615
-0.199451329060907	-2.60704279032618	-2.66041793167534	0.0396047945286897	-2.0132601252112
0.413425162616422	-1.46725061853374	-2.41834523235994	1.49726152717623	-0.472401022429547
-0.539456315723865	0.298089791559812	-1.37659543970941	1.41597024582355	-1.10939220017454
0.460372503058353	-0.866612740403132	-1.83323250301042	-0.892441446821111	-0.746803731466595
-0.386394232741357	-2.0192607962992	-3.23566715287196	1.07252742858259	-0.330216146082343
-0.797970081913599	0.135130778600518	-2.94453805044896	1.15967068364737	-0.0964243372168115
1.68201274384859	-1.51225376750406	-1.61603303753578	1.69888197830536	0.679398895585722
1.76452156522526	0.0415217794081555	-1.81557197791635	0.0623257552643257	0.156108389011524
-0.485756720587702	-1.11149539497371	-1.65168769144234	1.94881106118485	-0.574495413830749
0.432525971017237	-1.03118146393929	-2.69263975708866	1.84296083645893	0.1141409484637
0.772028049070388	0.361622032019556	-2.2919853270321	0.919407026607991	1.21575432753121
-0.025603202584125	-0.76018639287055	-1.29179468156424	0.258321522154944	2.21282756008185
-0.951228979095965	-1.75259185779465	-3.28181087118511	-0.230470453943411	0.0674028009981013
1.18562979362625	-1.74178985975613	-2.09017758922321	2.53820632751746	-0.723483191579399
0.611681500219654	-0.166106795544827	-1.26716797483392	-0.516514581025341	0.257662388088701
0.700211141266943	-1.15056308618464	-1.48614844491767	1.14848697337579	-0.284593325341379
-1.51697390147496	-2.14782874489822	-2.29598873128158	1.23214926583831	-0.425356699460683
1.20374916026639	0.49969056360806	-1.10548002848894	2.7740893241015	0.78789619656818
1.10068760024162	-1.28204301049967	-2.02064435654686	2.29324842445228	0.437281711375233
-0.445869342255247	0.208229174858783	-0.807191768913853	0.650268229295327	-1.1322451670095
-1.13876230007632	-0.0586976924962319	-1.21765706765715	-0.408666195068549	-0.435001594035313
1.85627654594336	1.20312986738356	-0.932134224183389	1.32489400535172	1.07057736386957
-0.345647809253346	-1.47648647962323	-2.22451670629022	0.00747066151760589	-2.03438364864149
0.157544505432407	-1.92724804337712	-1.93372715900454	0.836256077223209	-0.236361572309222
0.824050444521947	-0.503788790783831	-1.67022449081264	1.25985866017012	0.664240759705689
0.291097693092832	0.0624389293829897	-0.423166261722435	1.77957121496718	-0.0564511201647033
-0.237673196052526	-2.47993527683869	-2.67388697072566	-0.625712955962087	0.0830085022062912
-0.877118867989859	-2.10764224176385	-2.60756400258176	0.0806911890819979	-0.586765732283515
-0.0391804380994144	-2.49723722085426	-1.75186791963762	1.60705303493814	-1.80283930580915
0.366853248691265	-1.39103350711783	-3.07364771373303	1.2910639918665	-1.29089684987299
-1.15134151724037	-1.15083619143959	-2.45630334016813	-0.329254939400789	-0.286709033439247
0.186741167524105	-2.37481595561249	-1.43238225441392	1.7618779436483	-1.36239050251179
0.199348812857808	-0.60021010279995	-2.31086867312795	1.74716352451698	0.464149482793977
-0.264652647023504	-1.4058878978075	0.00163602000186236	1.32333046140279	0.419908778789642
0.127865420328889	0.641085883735658	-0.983626357121022	1.5789878813272	1.27231470137277
1.06860472094163	-2.05148810287467	-1.25578134615858	0.755408342801807	-0.453313413872741
0.518151037150754	-0.143230524217224	-1.95387092590946	1.01711760989289	-0.378006225929528
0.221627919077999	-2.43344065102257	-2.08537137285163	2.2258477564012	-1.02180154966899
0.251725767567672	-1.36086473188834	-3.536227965428	0.511574703432431	-1.17808175011376
-0.395459127583256	-1.40528014949907	-2.37398161535211	-0.799383260243689	-1.34643626366825
1.10941880996948	0.126754405282083	-0.403758262531138	1.4013651114668	-0.472024272970878
-0.52033057591164	-2.66569287906318	-2.92370512967784	0.357232912318119	-1.85432915104102
-0.753129439521768	-1.0619152177842	-2.78924246146284	-0.352241648107946	-1.53278912381533
-0.612839714152416	-1.28270260070797	-2.21531899060786	0.499646330544698	-1.63966685228414
0.273892798657229	-0.703082943735243	-0.759192959752368	1.92591866071961	0.0430873700937917
1.10823551167375	-1.10805851751683	-0.514216107867403	1.48711826135523	0.260899393958796
-0.248592328472942	-1.43948722492139	-3.59595261132615	0.634691244567305	-1.0893433834679
-0.427151590048778	-0.491973559307975	-1.56511273409704	1.23937030975541	0.192432253848733
-0.374351158693794	-1.37298035832036	-1.07159247227306	1.90128409667889	-0.488138701719212
0.168429554041557	-0.361750284669255	-0.877794686705692	-0.51953555032392	0.688250523425056
-0.36019695307866	-1.42252390824041	-0.634126760152111	1.76640859601504	-0.741561418920208
-0.106715796414819	-1.020393807035	-3.00661824498356	0.239039147528811	-1.42796200100772
1.67814079007164	-0.105567788631088	-2.10816942809795	1.23806605781683	-0.96616874735267
-0.886310815688761	-2.07882401346635	-1.78985079582807	-0.118216936457298	-0.275230756635726
1.12692090332381	-0.761643848915703	-2.31092551744889	1.70635076070521	-0.796160362774588
